#     walltime (sec)
             10.4229
              9.2958
              9.1440
              9.1778
              9.0923
              8.9889
              9.5420
              9.3238
              9.1533
              9.5054
              9.0633
              9.4502
              9.2548
              9.1406
              9.1006
              9.0780
              9.1185
              9.3481
              9.2785
              9.1706
              9.1370
              9.1076
              9.3680
              9.2324
              9.2351
              9.2085
              9.5713
              9.3931
              9.3613
              9.2801
              9.2205
              9.6125
              9.4571
              9.3917
              9.3203
              9.2852
              9.6401
              9.4560
              9.3916
              9.3456
              9.3340
              9.6413
              9.4980
              9.4555
              9.4138
              9.8375
              9.6356
              9.6447
              9.5080
              9.4459
              9.7381
              9.6175
              9.5539
              9.5406
              9.6446
              9.7799
              9.6391
              9.6029
              9.5396
              9.8609
              9.7157
              9.6839
              9.6165
              9.6135
              9.8309
              9.7252
              9.6429
              9.6308
              9.9213
              9.8199
              9.8096
              9.7397
             10.4148
              9.9029
              9.8391
              9.7662
              9.7502
             10.0249
              9.8948
              9.7976
              9.7952
             10.0811
              9.9506
              9.8711
              9.8402
             10.1623
             10.0259
              9.9564
              9.9103
             10.5736
             10.0840
             10.0132
              9.9584
             10.0980
             10.1412
             10.0789
             10.0248
              9.9372
             10.2316
             10.1045
             10.0732
             10.0331
             10.3074
             10.2220
             10.1219
             10.0890
             10.4012
             10.2680
             10.1849
             10.1346
             10.4781
             10.3229
             10.2557
             10.1884
             10.5299
             10.3780
             10.3043
             10.2301
             10.5552
             10.4238
             10.3563
             10.3154
             10.6225
             10.4484
             10.4258
             10.3417
             10.6263
             10.5005
             10.4272
             10.3646
             10.6966
             10.5689
             10.4790
             10.3954
             10.7178
             10.5632
             10.4904
             10.4422
             10.7852
             10.6167
             10.5536
             10.4731
             10.7597
             10.7443
             10.6164
             10.5788
             12.4969
             12.6095
             12.2660
             13.0280
             12.7473
             12.6321
             12.5137
             13.0277
             12.7900
             12.6716
             12.6193
             13.0379
             12.8756
             12.7009
             12.6377
             12.9939
             12.8016
             12.7382
             12.8273
             12.9809
             12.8341
             12.7410
             13.3235
             12.9542
             12.8514
             12.7815
             13.1888
             12.9941
             12.8687
             12.8180
             13.1838
             13.0052
             12.8492
             13.6733
             12.8237
             12.8325
             12.8942
             13.3049
             13.1080
             12.9994
             12.9054
             13.2664
             13.1033
             12.9958
             13.6077
             13.2369
             13.1087
             13.0343
             13.4432
             13.2436
             13.1143
             13.0378
             13.4029
             13.2319
             13.1468
             13.6390
             13.3434
             11.2522
             11.1934
             11.4654
             11.3167
             11.2996
             11.3746
             11.4324
             11.3030
             11.2260
             11.5519
             11.3930
             11.2894
             11.2118
             11.4918
             11.3416
             11.2497
             11.9308
             11.4480
             11.3488
             11.2601
             11.5911
             11.4405
             11.3249
             11.2669
             11.5203
             11.3567
             11.2927
             11.7098
             11.4473
             11.3288
             11.2327
             11.5500
             11.4299
             11.3796
             11.4196
             11.5306
             11.4403
             11.3385
             11.6644
             11.4698
             11.3681
             11.3520
             11.5375
             11.4753
             11.3060
             11.7004
             11.4430
             11.3706
             11.3022
             11.5215
             11.4152
             11.3412
             11.7684
             11.5555
             11.4052
             11.3249
             11.6440
             11.4365
             11.3519
             11.3074
             11.5300
             11.4571
             11.3614
             11.7157
             11.4598
             11.4282
             11.2809
             11.6583
             11.4133
             11.3342
             11.7350
             11.4614
             11.3862
             11.3000
             11.6132
             11.4836
             11.3643
             11.2833
             11.5632
             11.3878
             11.4017
             11.6808
             11.4802
             11.3650
             11.2853
             11.5688
             11.4255
             11.3908
             12.0071
             11.5661
             11.3953
             11.3026
             11.6176
             11.4663
             11.3813
             11.2805
             11.5622
             11.4362
             11.3337
             11.3008
             11.5069
             11.4293
             11.2787
             11.7093
             11.4935
             11.3665
             11.2986
             11.6243
             11.4393
             11.3673
             11.3059
             11.5399
             11.4017
             11.3654
             11.2914
             11.5076
             11.4088
             11.3447
             11.6936
             11.5836
             11.4050
             11.3879
             11.6077
             11.5392
             11.3668
             11.3601
             11.5874
             11.4441
             11.3784
             11.4777
             11.5170
             11.4344
             11.3549
             11.9319
             11.4794
             11.4014
             11.3364
             11.6947
             11.4989
             11.3768
             11.3634
             11.6091
             11.5037
             11.3908
             11.3160
             11.6112
             11.4945
             11.3462
             11.4831
             11.5404
             11.5011
             11.3390
             11.7463
             11.5311
             11.3870
             11.3089
             11.6438
             11.5002
             11.4014
             11.3214
             11.5855
             11.5029
             11.3300
             11.2975
             11.6526
             11.4561
             11.3508
             11.3785
             11.5938
             11.4692
             11.3665
             11.6086
             11.5544
             11.4414
             11.3661
             11.7595
             11.5485
             11.4533
             11.3325
             11.6937
             11.6357
             11.4506
             11.3546
             11.6497
             11.5207
             11.4632
             11.3473
             11.6313
             11.5021
             11.4143
             11.3631
             11.6323
             11.5110
             11.4056
             11.3353
             11.6480
             11.4965
             11.4131
             11.2918
             11.6550
             11.5152
             11.4043
             11.4292
             11.6002
             11.4813
             11.3897
             11.4644
             11.5689
             11.4442
             11.4215
             11.7828
             11.5405
             11.5469
             11.4046
             11.7169
             11.5516
             11.4149
             11.3589
             11.7246
             11.5705
             11.4697
             11.3955
             11.7257
             11.6206
             11.4615
             11.3572
             11.7715
             11.5433
             11.4828
             11.3620
             11.7239
             11.5378
             11.4629
             11.3746
             11.7873
             11.5614
             11.4275
             11.3901
             11.7919
             11.5235
             11.4447
             11.3715
             11.8025
             11.6412
             11.4724
             11.3661
             11.8853
             11.5718
             11.5012
             11.3845
             11.8330
             11.5787
             11.4740
             11.4097
             11.6901
             11.5962
             11.4455
             11.4345
             11.3092
             11.6178
             11.4489
             11.3556
             11.3407
             11.5893
             11.4491
             11.3821
             11.3669
             11.5644
             11.4355
             11.4019
             11.3046
             11.5626
             11.4977
             11.5135
             11.3966
             11.6349
             11.4887
             11.3669
             11.3531
             11.6019
             11.5565
             11.3737
             11.3262
             11.6342
             11.4950
             11.4215
             11.3391
             11.6677
             11.5075
             11.4103
             11.3323
             11.7902
             11.5200
             11.4651
             11.3700
             11.9116
             11.5405
