#     walltime (sec)
              0.6306
              0.5519
              0.5718
              0.5868
              0.5732
              0.5818
              0.5674
              0.5856
              0.5777
              0.5785
              0.5912
              0.5886
              0.5875
              0.5961
              0.5899
              0.5853
              0.5835
              0.5878
              0.5829
              0.5848
              0.5882
              0.5908
              0.5871
              0.5869
              0.5871
              0.5801
              0.5879
              0.5848
              0.5811
              0.5899
              0.5894
              0.5896
              0.5825
              0.5855
              0.5843
              0.5823
              0.5863
              0.5847
              0.5822
              0.5872
              0.5898
              0.5801
              0.5854
              0.5786
              0.5765
              0.5762
              0.5818
              0.5757
              0.5841
              0.5885
              0.5802
              0.5855
              0.5762
              0.5755
              0.5838
              0.5843
              0.5762
              0.5808
              0.5771
              0.5734
              0.5797
              0.5765
              0.5819
              0.5740
              0.5845
              0.5743
              0.5800
              0.5820
              0.5735
              0.5831
              0.5722
              0.5776
              0.5784
              0.5750
              0.5771
              0.5725
              0.5782
              0.5744
              0.5811
              0.5762
              0.5817
              0.5778
              0.5756
              0.5772
              0.5776
              0.5720
              0.5755
              0.5807
              0.5733
              0.5829
              0.5794
              0.5803
              0.5785
              0.5765
              0.5789
              0.5749
              0.6276
              0.5806
              0.5802
              0.5790
              0.5731
              0.5736
              0.5766
              0.5716
              0.5827
              0.5717
              0.5829
              0.5804
              0.5708
              0.5724
              0.5758
              0.5712
              0.5688
              0.5699
              0.5718
              0.5747
              0.5771
              0.5739
              0.5765
              0.5683
              0.5746
              0.5777
              0.5666
              0.5782
              0.5754
              0.5743
              0.5764
              0.5772
              0.5758
              0.5748
              0.5752
              0.5774
              0.5734
              0.5739
              0.5739
              0.5724
              0.5647
              0.5721
              0.5788
              0.5746
              0.5731
              0.5742
              0.5773
              0.5750
              0.5779
              0.5770
              0.5788
              0.5770
              0.5769
              0.5797
              0.5684
              0.5741
              0.5799
              0.5743
              0.5744
              0.5738
              0.5713
              0.5675
              0.5766
              0.5716
              0.5713
              0.5774
              0.5760
              0.5712
              0.5676
              0.5731
              0.5781
              0.5645
              0.5662
              0.5654
              0.5753
              0.5708
              0.5663
              0.5738
              0.5680
              0.5712
              0.5627
              0.5605
              0.5661
              0.5705
              0.5684
              0.5639
              0.5691
              0.5684
              0.5681
              0.5656
              0.5623
              0.5671
              0.7651
              0.5668
              0.5639
              0.5681
              0.5609
              0.5647
              0.5647
              0.5570
              0.5595
              0.5655
              0.5603
              0.5650
              0.5617
              0.5602
              0.5592
              0.5631
              0.5565
              0.5581
              0.5620
              0.5626
              0.5612
              0.5554
              0.5550
              0.5595
              0.5593
              0.5647
              0.5616
              0.5594
              0.5559
              0.5637
              0.5639
              0.5628
              0.5649
              0.5556
              0.5642
              0.5544
              0.5650
              0.5643
              0.5596
              0.5614
              0.5559
              0.5617
              0.5620
              0.5596
              0.5615
              0.5599
              0.5544
              0.5635
              0.5635
              0.5533
              0.5570
              0.5568
              0.5582
              0.5609
              0.5503
              0.5538
              0.5526
              0.5617
              0.5629
              0.5563
              0.5631
              0.5630
              0.5585
              0.5569
              0.5623
              0.5609
              0.5629
              0.5567
              0.5562
              0.5540
              0.5600
              0.5582
              0.5566
              0.5544
              0.5558
              0.5558
              0.5570
              0.5565
              0.5578
              0.5560
              0.5562
              0.5602
              0.5605
              0.5567
              0.5644
              0.5620
              0.5542
              0.5608
              0.5550
              0.5548
              0.5576
              0.5580
              0.5605
              0.5533
              0.5544
              0.5541
              0.5560
              0.5546
              0.5598
              0.5546
              0.5560
              0.5512
              0.5616
              0.5565
              0.7500
              0.5586
              0.5580
              0.5508
              0.5507
              0.5568
              0.5504
              0.5513
              0.5542
              0.5596
              0.5599
              0.5522
              0.5567
              0.5525
              0.5537
              0.5539
              0.5485
              0.5499
              0.5595
              0.5986
              0.5492
              0.5486
              0.5520
              0.5572
              0.5564
              0.5551
              0.5487
              0.5488
              0.5495
              0.5555
              0.5530
              0.5497
              0.5470
              0.5530
              0.5517
              0.5522
              0.5443
              0.5419
              0.5492
              0.5445
              0.5441
              0.5450
              0.5463
              0.5469
              0.5503
              0.5484
              0.5447
              0.5416
              0.5437
              0.5482
              0.5503
              0.5482
              0.5498
              0.5388
              0.5400
              0.5474
              0.5500
              0.5394
              0.5426
              0.5449
              0.5440
              0.5395
              0.5421
              0.5436
              0.5365
              0.5394
              0.5429
              0.5378
              0.5468
              0.5366
              0.5423
              0.5412
              0.5471
              0.5383
              0.5376
              0.5443
              0.5416
              0.5368
              0.5432
              0.5420
              0.5429
              0.5387
              0.5378
              0.5398
              0.5364
              0.5439
              0.5377
              0.5389
              0.5351
              0.5416
              0.5421
              0.5380
              0.5389
              0.5446
              0.5390
              0.5380
              0.5354
              0.5394
              0.5409
              0.5404
              0.5389
              0.5398
              0.5356
              0.5356
              0.5351
              0.5449
              0.5411
              0.5406
              0.5416
              0.5408
              0.5437
              0.5388
              0.5415
              0.5435
              0.5462
              0.5415
              0.7330
              0.5378
              0.5430
              0.5415
              0.5435
              0.5359
              0.5443
              0.5414
              0.5353
              0.5387
              0.5457
              0.5352
              0.5383
              0.5367
              0.5362
              0.5397
              0.5421
              0.5350
              0.5411
              0.5416
              0.5337
              0.5413
              0.5329
              0.5416
              0.5398
              0.5393
              0.5389
              0.5355
              0.5377
              0.5318
              0.5406
              0.5363
              0.5386
              0.5443
              0.5372
              0.5395
              0.5416
              0.5306
              0.5364
              0.5386
              0.5342
              0.5324
              0.5349
              0.5338
              0.5381
              0.5332
              0.5356
              0.5407
              0.5387
              0.5387
              0.5372
              0.5354
              0.5339
              0.5396
              0.5376
              0.5426
              0.5404
              0.5384
              0.5399
              0.5406
              0.5342
              0.5424
              0.5416
              0.5390
              0.5412
              0.5431
              0.5360
              0.5364
              0.5361
              0.5388
              0.5384
              0.5363
              0.5423
              0.5388
              0.5426
              0.5305
              0.5366
              0.5370
              0.5437
              0.5419
              0.5338
              0.5386
              0.5339
              0.5344
              0.5227
              0.5289
              0.5270
              0.5324
              0.5317
              0.5289
              0.5327
              0.5252
