9.769907923258850380e-01
9.623178167334160982e-01
1.548138087395348306e+00
3.305688904013388107e+00
4.352898745270126213e+00
4.984708820915928484e+00
5.105110011941296655e+00
5.064416043716091664e+00
5.033988776430403433e+00
5.020600394188717175e+00
5.014115801861507293e+00
5.010404894326103253e+00
5.008033793481303952e+00
5.006410201688080264e+00
5.005243530902702354e+00
5.004374223662868992e+00
5.003707719831828271e+00
5.003184715657675419e+00
5.002766329881567664e+00
5.002426134940463953e+00
5.002145621137830567e+00
5.001911490755983181e+00
5.001713979460408410e+00
5.001545779832406780e+00
5.001401331007867768e+00
5.001276338066980465e+00
5.001167439642410173e+00
5.001071973502661194e+00
5.000987808316968319e+00
5.000913221001061615e+00
5.000846806010306622e+00
5.000787407381321437e+00
5.000734067208544964e+00
5.000685986152895168e+00
5.000642492866060884e+00
5.000603020097283746e+00
5.000567085858167005e+00
5.000534278457303472e+00
5.000504244518546137e+00
5.000476679320974505e+00
5.000451318959047597e+00
5.000427933941255176e+00
5.000406323931873231e+00
5.000386313408568206e+00
5.000367748057459316e+00
5.000350491765632732e+00
5.000334424100508990e+00
5.000319438187982080e+00
5.000305438918455359e+00
5.000292341424070308e+00
5.000280069781756431e+00
5.000268555903864431e+00
5.000257738586004308e+00
5.000247562687828662e+00
5.000237978425563945e+00
5.000228940758260521e+00
5.000220408855528653e+00
5.000212345633441302e+00
5.000204717348813332e+00
5.000197493244358249e+00
5.000190645236653353e+00
5.000184147641903110e+00
5.000177976933794177e+00
5.000172111529423091e+00
5.000166531599460562e+00
5.000161218900123217e+00
5.000156156623142500e+00
5.000151329262078725e+00
5.000146722493372664e+00
5.000142323069322714e+00
5.000138118722909475e+00
5.000134098081419509e+00
5.000130250589562841e+00
5.000126566439831777e+00
5.000123036509999785e+00
5.000119652305918372e+00
5.000116405910920214e+00
5.000113289938936667e+00
5.000110297492305733e+00
5.000107422123692302e+00
5.000104657801388797e+00
5.000101998877108045e+00
5.000099440057528710e+00
5.000096976377506941e+00
5.000094603176192365e+00
5.000092316074886689e+00
5.000090110956478817e+00
5.000087983947448578e+00
5.000085931400236383e+00
5.000083949877977219e+00
5.000082036139773756e+00
5.000080187127627696e+00
5.000078399954202446e+00
5.000076671891305224e+00
5.000075000359750277e+00
5.000073382919476117e+00
5.000071817260709039e+00
5.000070301195696842e+00
5.000068832651039408e+00
5.000067409660713835e+00
5.000066030359249680e+00
5.000064692975787040e+00
5.000063395828298951e+00
5.000062137318203703e+00
5.000060915925767624e+00
5.000059730205124175e+00
5.000058578780256724e+00
5.000057460340600279e+00
5.000056373638075868e+00
5.000055317482679840e+00
5.000054290739941898e+00
5.000053292327347521e+00
5.000052321212065998e+00
5.000051376407606440e+00
5.000050456971846913e+00
5.000049562004370785e+00
5.000048690644438132e+00
5.000047842068783055e+00
5.000047015489821334e+00
5.000046210153470838e+00
5.000045425337989791e+00
5.000044660351864678e+00
5.000043914532471767e+00
5.000043187244802567e+00
5.000042477879695468e+00
5.000041785853162501e+00
5.000041110604350969e+00
5.000040451595248570e+00
5.000039808309183265e+00
5.000039180249729043e+00
5.000038566940081530e+00
5.000037967921974413e+00
5.000037382754513260e+00
5.000036811014058280e+00
5.000036252292833439e+00
5.000035706198338481e+00
5.000035172353085144e+00
5.000034650393162750e+00
5.000034139968486890e+00
5.000033640741572860e+00
5.000033152386916591e+00
5.000032674591446735e+00
5.000032207052602651e+00
5.000031749479077803e+00
5.000031301589478616e+00
5.000030863112346680e+00
5.000030433785894068e+00
5.000030013357138259e+00
5.000029601582014038e+00
5.000029198224342331e+00
5.000028803056377313e+00
5.000028415857923569e+00
5.000028036416014565e+00
5.000027664524768767e+00
5.000027299985185358e+00
5.000026942604703706e+00
5.000026592197174935e+00
5.000026248582324584e+00
5.000025911585504801e+00
5.000025581038122446e+00
5.000025256776417848e+00
5.000024938642007477e+00
5.000024626481419432e+00
5.000024320146316370e+00
5.000024019492269822e+00
5.000023724379801138e+00
5.000023434673450673e+00
5.000023150242160597e+00
5.000022870958411580e+00
5.000022596698830313e+00
5.000022327343593531e+00
5.000022062776378284e+00
5.000021802884555555e+00
5.000021547558414881e+00
5.000021296691596007e+00
5.000021050181012505e+00
5.000020807926164323e+00
5.000020569829921158e+00
5.000020335797328741e+00
5.000020105736729725e+00
5.000019879558540659e+00
5.000019657175824861e+00
5.000019438504260449e+00
5.000019223461642959e+00
5.000019011968274363e+00
5.000018803946319146e+00
5.000018599320171120e+00
5.000018398016365495e+00
5.000018199963432330e+00
5.000018005091692253e+00
5.000017813333341721e+00
5.000017624622374868e+00
5.000017438894596822e+00
5.000017256087581963e+00
5.000017076140242267e+00
5.000016898993226100e+00
5.000016724588853378e+00
5.000016552870651054e+00
5.000016383783787433e+00
5.000016217274829700e+00
5.000016053291568063e+00
5.000015891783161415e+00
5.000015732700119564e+00
5.000015575994076755e+00
5.000015421617855615e+00
5.000015269525667883e+00
5.000015119672538866e+00
5.000014972014663606e+00
5.000014826509535659e+00
5.000014683115380443e+00
5.000014541791678369e+00
5.000014402498548449e+00
5.000014265197570751e+00
5.000014129850689493e+00
5.000013996421172280e+00
5.000013864872705938e+00
5.000013735170379725e+00
5.000013607279709227e+00
5.000013481167093765e+00
5.000013356799642317e+00
5.000013234145442631e+00
5.000013113173137569e+00
5.000012993852060994e+00
5.000012876152302610e+00
5.000012760044606708e+00
5.000012645500415687e+00
5.000012532491886930e+00
5.000012420991473583e+00
5.000012310972661744e+00
5.000012202409140905e+00
5.000012095275492285e+00
5.000011989546649716e+00
5.000011885198182959e+00
5.000011782206120969e+00
5.000011680547117976e+00
5.000011580198227890e+00
5.000011481137025982e+00
5.000011383341585791e+00
5.000011286790463139e+00
5.000011191462555793e+00
5.000011097337431210e+00
5.000011004394731451e+00
5.000010912614930803e+00
5.000010821978570164e+00
5.000010732466757979e+00
5.000010644061033460e+00
5.000010556743289314e+00
5.000010470495608317e+00
5.000010385300670990e+00
5.000010301141331936e+00
5.000010218000867646e+00
5.000010135863041327e+00
5.000010054711616192e+00
5.000009974530984280e+00
5.000009895305622010e+00
5.000009817020589331e+00
5.000009739660847607e+00
5.000009663211945288e+00
5.000009587659737242e+00
5.000009512990153837e+00
5.000009439189591731e+00
5.000009366244511533e+00
5.000009294141772642e+00
5.000009222868419201e+00
5.000009152411970526e+00
5.000009082759719448e+00
5.000009013899645360e+00
5.000008945819687689e+00
5.000008878508228172e+00
5.000008811953566834e+00
5.000008746144568583e+00
5.000008681070035266e+00
5.000008616719108900e+00
5.000008553081079832e+00
5.000008490145446238e+00
5.000008427901946995e+00
5.000008366340571442e+00
5.000008305451173918e+00
5.000008245224123016e+00
5.000008185649866377e+00
5.000008126718969770e+00
5.000008068422208574e+00
5.000008010750457643e+00
5.000007953694976415e+00
5.000007897246820932e+00
5.000007841397539288e+00
5.000007786138588095e+00
5.000007731461785454e+00
5.000007677358839331e+00
5.000007623821905334e+00
5.000007570843067128e+00
5.000007518414504304e+00
5.000007466528773037e+00
5.000007415178213677e+00
5.000007364355689710e+00
5.000007314053816820e+00
5.000007264265633466e+00
5.000007214984152348e+00
5.000007166202467879e+00
5.000007117913791710e+00
5.000007070111692542e+00
5.000007022789445088e+00
5.000006975940787690e+00
5.000006929559369873e+00
5.000006883638927313e+00
5.000006838173653101e+00
5.000006793157109719e+00
5.000006748583749605e+00
5.000006704447675254e+00
5.000006660743156139e+00
5.000006617464560321e+00
5.000006574606494780e+00
5.000006532163430606e+00
5.000006490130147085e+00
5.000006448501213008e+00
5.000006407271500031e+00
5.000006366435939320e+00
5.000006325989539313e+00
5.000006285927435457e+00
5.000006246244701025e+00
5.000006206936499886e+00
5.000006167998257922e+00
5.000006129425277557e+00
5.000006091213026416e+00
5.000006053357052060e+00
5.000006015852838104e+00
5.000005978696147046e+00
5.000005941882617044e+00
5.000005905407967077e+00
5.000005869268268732e+00
5.000005833459257865e+00
5.000005797977050470e+00
5.000005762817594679e+00
5.000005727976945202e+00
5.000005693451408106e+00
5.000005659237017674e+00
5.000005625330048886e+00
5.000005591726957910e+00
5.000005558424165386e+00
5.000005525417923202e+00
5.000005492704860721e+00
5.000005460281405689e+00
5.000005428144173258e+00
5.000005396289901149e+00
5.000005364715206291e+00
5.000005333416891240e+00
5.000005302391618223e+00
5.000005271636258186e+00
5.000005241147807311e+00
5.000005210923039733e+00
5.000005180958977391e+00
5.000005151252619129e+00
5.000005121801089025e+00
5.000005092601401024e+00
5.000005063650702297e+00
5.000005034946055638e+00
5.000005006484965264e+00
5.000004978264525946e+00
5.000004950281918603e+00
5.000004922534659002e+00
5.000004895019999118e+00
5.000004867735424519e+00
5.000004840678378137e+00
5.000004813846246066e+00
5.000004787236636439e+00
5.000004760847014396e+00
5.000004734675058238e+00
5.000004708718356561e+00
5.000004682974513059e+00
5.000004657441150080e+00
5.000004632116104020e+00
5.000004606997078049e+00
5.000004582081841953e+00
5.000004557368137981e+00
5.000004532853803418e+00
5.000004508536805226e+00
5.000004484414982464e+00
5.000004460486204394e+00
5.000004436748424652e+00
5.000004413199607534e+00
5.000004389837894081e+00
5.000004366661084276e+00
5.000004343667352025e+00
5.000004320854831263e+00
5.000004298221538690e+00
5.000004275765554063e+00
5.000004253485197836e+00
5.000004231378404995e+00
5.000004209443670966e+00
5.000004187679042644e+00
5.000004166082696599e+00
5.000004144652956839e+00
5.000004123388227306e+00
5.000004102286723651e+00
5.000004081346783202e+00
5.000004060566747732e+00
5.000004039945029177e+00
5.000004019479977302e+00
5.000003999170065327e+00
5.000003979013713185e+00
5.000003959009392318e+00
5.000003939155514665e+00
5.000003919450590750e+00
5.000003899893259884e+00
5.000003880481814100e+00
5.000003861215016165e+00
5.000003842091287787e+00
5.000003823109361534e+00
5.000003804267790564e+00
5.000003785565122705e+00
5.000003766999945753e+00
5.000003748571145934e+00
5.000003730277163605e+00
5.000003712116766863e+00
5.000003694088750450e+00
5.000003676191708379e+00
5.000003658424357234e+00
5.000003640785575243e+00
5.000003623274154485e+00
5.000003605888621472e+00
5.000003588627946804e+00
5.000003571490942988e+00
5.000003554476366574e+00
5.000003537583103785e+00
5.000003520809979563e+00
5.000003504155952960e+00
5.000003487619662401e+00
5.000003471200228589e+00
5.000003454896562616e+00
5.000003438707396164e+00
5.000003422631768224e+00
5.000003406668619199e+00
5.000003390816911697e+00
5.000003375075464440e+00
5.000003359443527806e+00
5.000003343919899201e+00
5.000003328503626499e+00
5.000003313193706056e+00
5.000003297989143114e+00
5.000003282889103673e+00
5.000003267892480174e+00
5.000003252998305392e+00
5.000003238205858125e+00
5.000003223513999728e+00
5.000003208921978803e+00
5.000003194428700226e+00
5.000003180033469441e+00
5.000003165735281918e+00
5.000003151533343626e+00
5.000003137426731747e+00
5.000003123414649586e+00
5.000003109496177878e+00
5.000003095670681574e+00
5.000003081937101079e+00
5.000003068294718744e+00
5.000003054742683695e+00
5.000003041280270288e+00
5.000003027906585018e+00
5.000003014621000830e+00
5.000003001422650861e+00
5.000002988310762397e+00
5.000002975284678186e+00
5.000002962343572221e+00
5.000002949486606063e+00
5.000002936713200619e+00
5.000002924022658668e+00
5.000002911414209272e+00
5.000002898887091263e+00
5.000002886440674033e+00
5.000002874074164438e+00
5.000002861786990493e+00
5.000002849578517150e+00
5.000002837447933501e+00
5.000002825394702199e+00
5.000002813418113590e+00
5.000002801517472228e+00
5.000002789692220340e+00
5.000002777941650045e+00
5.000002766265133403e+00
5.000002754662142834e+00
5.000002743131962468e+00
5.000002731674030976e+00
5.000002720287771929e+00
5.000002708972530741e+00
5.000002697727721213e+00
5.000002686552822873e+00
5.000002675447253075e+00
5.000002664410315489e+00
5.000002653441599776e+00
5.000002642540396280e+00
5.000002631706428780e+00
5.000002620938784226e+00
5.000002610237064715e+00
5.000002599600842146e+00
5.000002589029490352e+00
5.000002578522452445e+00
5.000002568079366050e+00
5.000002557699432693e+00
5.000002547382400131e+00
5.000002537127610225e+00
5.000002526934617997e+00
5.000002516803008668e+00
5.000002506732152519e+00
5.000002496721656087e+00
5.000002486770926957e+00
5.000002476879576996e+00
5.000002467047242938e+00
5.000002457273295065e+00
5.000002447557248431e+00
5.000002437898717567e+00
5.000002428297310786e+00
5.000002418752448996e+00
5.000002409263779590e+00
5.000002399830847821e+00
5.000002390453281542e+00
5.000002381130383533e+00
5.000002371862067641e+00
5.000002362647785858e+00
5.000002353487072781e+00
5.000002344379471886e+00
5.000002335324641223e+00
5.000002326322182000e+00
5.000002317371708749e+00
5.000002308472805801e+00
5.000002299625009528e+00
5.000002290827999296e+00
5.000002282081366545e+00
5.000002273384846596e+00
5.000002264737820390e+00
5.000002256139970847e+00
5.000002247591099014e+00
5.000002239090719058e+00
5.000002230638373568e+00
5.000002222233980831e+00
5.000002213876849844e+00
5.000002205566860702e+00
5.000002197303569318e+00
5.000002189086576010e+00
5.000002180915648964e+00
5.000002172790297017e+00
5.000002164710321217e+00
5.000002156675299680e+00
5.000002148685021020e+00
5.000002140738958545e+00
5.000002132836880442e+00
5.000002124978603746e+00
5.000002117163539594e+00
5.000002109391654237e+00
5.000002101662413878e+00
5.000002093975550288e+00
5.000002086330749052e+00
5.000002078727847632e+00
5.000002071166428586e+00
5.000002063646018513e+00
5.000002056166693798e+00
5.000002048727831827e+00
5.000002041329348224e+00
5.000002033970903703e+00
5.000002026651990228e+00
5.000002019372693951e+00
5.000002012132474860e+00
5.000002004931124233e+00
5.000001997768382722e+00
5.000001990643966110e+00
5.000001983557586627e+00
5.000001976508923640e+00
5.000001969497791521e+00
5.000001962523945132e+00
5.000001955586960811e+00
5.000001948686854547e+00
5.000001941823150275e+00
5.000001934995550457e+00
5.000001928203978707e+00
5.000001921448134823e+00
5.000001914727724817e+00
5.000001908042387200e+00
5.000001901392125525e+00
5.000001894776541889e+00
5.000001888195434674e+00
5.000001881648544533e+00
5.000001875135605900e+00
5.000001868656497095e+00
5.000001862210881498e+00
5.000001855798556605e+00
5.000001849419250632e+00
5.000001843072801044e+00
5.000001836759012441e+00
5.000001830477613041e+00
5.000001824228379022e+00
5.000001818010997745e+00
5.000001811825434572e+00
5.000001805671393740e+00
5.000001799548672743e+00
5.000001793456945620e+00
5.000001787396112896e+00
5.000001781366043119e+00
5.000001775366322398e+00
5.000001769396916096e+00
5.000001763457533777e+00
5.000001757548127479e+00
5.000001751668256667e+00
5.000001745817877818e+00
5.000001739996830175e+00
5.000001734204748693e+00
5.000001728441582749e+00
5.000001722707087204e+00
5.000001717001000046e+00
5.000001711323307951e+00
5.000001705673740915e+00
5.000001700052046694e+00
5.000001694458111601e+00
5.000001688891853924e+00
5.000001683352822468e+00
5.000001677841114045e+00
5.000001672356407134e+00
5.000001666898505448e+00
5.000001661467242897e+00
5.000001656062597277e+00
5.000001650684163579e+00
5.000001645331999534e+00
5.000001640005795167e+00
5.000001634705300013e+00
5.000001629430594896e+00
5.000001624181389381e+00
5.000001618957438332e+00
5.000001613758668917e+00
5.000001608584914159e+00
5.000001603435969777e+00
5.000001598311687445e+00
5.000001593212068052e+00
5.000001588136681718e+00
5.000001583085476042e+00
5.000001578058419938e+00
5.000001573055231852e+00
5.000001568075855829e+00
5.000001563120091141e+00
5.000001558187730843e+00
5.000001553278670130e+00
5.000001548392829065e+00
5.000001543529876358e+00
5.000001538689889280e+00
5.000001533872648452e+00
5.000001529077986007e+00
5.000001524305716316e+00
5.000001519555835827e+00
5.000001514828032789e+00
5.000001510122332071e+00
5.000001505438476102e+00
5.000001500776327212e+00
5.000001496135865864e+00
5.000001491516957941e+00
5.000001486919369853e+00
5.000001482343050974e+00
5.000001477787766824e+00
5.000001473253437467e+00
5.000001468739974086e+00
5.000001464247160854e+00
5.000001459774992441e+00
5.000001455323245025e+00
5.000001450891875976e+00
5.000001446480698775e+00
5.000001442089565096e+00
5.000001437718452735e+00
5.000001433367090797e+00
5.000001429035581424e+00
5.000001424723582666e+00
5.000001420431104293e+00
5.000001416158029954e+00
5.000001411904134940e+00
5.000001407669492970e+00
5.000001403453744331e+00
5.000001399256993828e+00
5.000001395078971456e+00
5.000001390919717181e+00
5.000001386778949453e+00
5.000001382656719784e+00
5.000001378552837217e+00
5.000001374467099247e+00
5.000001370399650646e+00
5.000001366350091736e+00
5.000001362318467812e+00
5.000001358304801080e+00
5.000001354308701629e+00
5.000001350330284033e+00
5.000001346369368882e+00
5.000001342425816730e+00
5.000001338499573400e+00
5.000001334590568725e+00
5.000001330698598423e+00
5.000001326823747760e+00
5.000001322965688111e+00
5.000001319124425692e+00
5.000001315299963167e+00
5.000001311492040301e+00
5.000001307700582487e+00
5.000001303925592389e+00
5.000001300166969642e+00
5.000001296424565922e+00
5.000001292698265765e+00
5.000001288987967030e+00
5.000001285293673270e+00
