3.324973211961251285e-01
1.019822586484745996e-01
5.540342144049438033e+00
2.486698204266852397e+00
6.065616680152355888e-01
-1.158162511493607411e-01
-1.344600946961843346e-01
-6.347939857082501858e-02
-3.004504802358655066e-02
-1.664765909557718374e-02
-1.039244726409430282e-02
-6.991579529342708925e-03
-4.951068979773166553e-03
-3.642941010679208187e-03
-2.762312581084943458e-03
-2.146350838610539945e-03
-1.701930255661515115e-03
-1.372897018429191426e-03
-1.123911496316862399e-03
-9.319286932304240729e-04
-7.814614108770985166e-04
-6.618281999896129166e-04
-5.654937334081107467e-04
-4.870353102717278810e-04
-4.224809765340186134e-04
-3.688750361301557871e-04
-3.239864889077152680e-04
-2.861094871751932475e-04
-2.539243184969787806e-04
-2.263989815620969794e-04
-2.027184679254713257e-04
-1.822332645213076239e-04
-1.644213811410187738e-04
-1.488600325147751413e-04
-1.352042938721124239e-04
-1.231708536707372913e-04
-1.125255315563464763e-04
-1.030736095956465381e-04
-9.465227939885363651e-05
-8.712469782455023438e-05
-8.037527831249993357e-05
-7.430593269502687134e-05
-6.883305440055396355e-05
-6.388508305734733853e-05
-5.940052505130955944e-05
-5.532633887375837135e-05
-5.161660915647398983e-05
-4.823145353948280444e-05
-4.513611723460651983e-05
-4.230021975522872186e-05
-3.969712548719247852e-05
-3.730341566848063850e-05
-3.509844365856628712e-05
-3.306396019331733120e-05
-3.118379341174846059e-05
-2.944357942551939112e-05
-2.783052920702469476e-05
-2.633323220219462303e-05
-2.494148464072143507e-05
-2.364614414550420484e-05
-2.243900245589547552e-05
-2.131267609638861680e-05
-2.026051191260258796e-05
-1.927650283983568084e-05
-1.835521677121467965e-05
-1.749173339492323751e-05
-1.668158823823924486e-05
-1.592072459238685789e-05
-1.520545015416670176e-05
-1.453240035197953524e-05
-1.389850396286723953e-05
-1.330095389838883943e-05
-1.273718163596885426e-05
-1.220483307620637930e-05
-1.170174851137166580e-05
-1.122594402507367354e-05
-1.077559504622565618e-05
-1.034902122527480349e-05
-9.944673660614296675e-06
-9.561123343157028372e-06
-9.197049802483519673e-06
-8.851232073282590352e-06
-8.522540070407075581e-06
-8.209926086970331218e-06
-7.912418962612344478e-06
-7.629117078645707457e-06
-7.359182162576635545e-06
-7.101835230630896847e-06
-6.856350697030284282e-06
-6.622052790862859484e-06
-6.398311452476448241e-06
-6.184538525707284078e-06
-5.980184978977187471e-06
-5.784737715465099418e-06
-5.597716473568215679e-06
-5.418672279920719119e-06
-5.247184138806101120e-06
-5.082857362394713317e-06
-4.925322075992423417e-06
-4.774231161838725062e-06
-4.629258161698107656e-06
-4.490096624858622940e-06
-4.356458068985468268e-06
-4.228071213693090520e-06
-4.104680561943755596e-06
-3.986045454584669960e-06
-3.871939081614939920e-06
-3.762147081137999827e-06
-3.656467600857278500e-06
-3.554709807848999897e-06
-3.456693489714178657e-06
-3.362248290114365348e-06
-3.271212693963620576e-06
-3.183434707750083773e-06
-3.098769561285000642e-06
-3.017080552785070851e-06
-2.938238030585774296e-06
-2.862119221627673690e-06
-2.788607336236904321e-06
-2.717591547357209859e-06
-2.648967244663833423e-06
-2.582634010795476566e-06
-2.518497612816711629e-06
-2.456467478055446865e-06
-2.396458011589470654e-06
-2.338387547352655986e-06
-2.282178394459287644e-06
-2.227756533307613417e-06
-2.175051351951392027e-06
-2.123995913962408375e-06
-2.074526197045228440e-06
-2.026580769114153164e-06
-1.980101668411440767e-06
-1.935033323027582748e-06
-1.891322310350393641e-06
-1.848918234656357852e-06
-1.807772479241189336e-06
-1.767838335424132983e-06
-1.729072124129601745e-06
-1.691431218134358454e-06
-1.654874770993760004e-06
-1.619364493200439292e-06
-1.584863124905767398e-06
-1.551334892247185409e-06
-1.518745779988766234e-06
-1.487063136631789405e-06
-1.456255833586951180e-06
-1.426293646944376766e-06
-1.397147865637877879e-06
-1.368790828026264271e-06
-1.341196113804709835e-06
-1.314338289430410411e-06
-1.288192662779065824e-06
-1.262736132741417879e-06
-1.237945772172860426e-06
-1.213800262359124633e-06
-1.190278667111220373e-06
-1.167360890046148729e-06
-1.145027807027552939e-06
-1.123261083357966578e-06
-1.102042255376392075e-06
-1.081354333334682596e-06
-1.061181507543862959e-06
-1.041507223258949564e-06
-1.022316330171666566e-06
-1.003593822333550189e-06
-9.853259806291747217e-07
-9.674988283891079156e-07
-9.500991505659413625e-07
-9.331141120961462428e-07
-9.165316289165482976e-07
-9.003397730280783459e-07
-8.845272334541445115e-07
-8.690826007516272381e-07
-8.539956072783342290e-07
-8.392556199254436363e-07
-8.248531421605324305e-07
-8.107783179498753939e-07
-7.970218592412753693e-07
-7.835749694649162086e-07
-7.704288649522032638e-07
-7.575750998023535947e-07
-7.450055752207133481e-07
-7.327127649928364562e-07
-7.206891856057113399e-07
-7.089269288196481167e-07
-6.974192779425181561e-07
-6.861593824183778749e-07
-6.751406873862472355e-07
-6.643565761613811326e-07
-6.538008755211246220e-07
-6.434676557365317233e-07
-6.333511386612292184e-07
-6.234455579179747267e-07
-6.137455639110518547e-07
-6.042455191341371155e-07
-5.949408283325030927e-07
-5.858260344986474078e-07
-5.768965392822726472e-07
-5.681475068761866246e-07
-5.595746081546149726e-07
-5.511732694788540142e-07
-5.429393906515784807e-07
-5.348685986029885351e-07
-5.269569921702456243e-07
-5.192007472176911735e-07
-5.115959414703119685e-07
-5.041388134170701777e-07
-4.968260399832053128e-07
-4.896540238576563575e-07
-4.826192898103833451e-07
-4.757187471093325595e-07
-4.689492034093078610e-07
-4.623074850363035650e-07
-4.557905478320511109e-07
-4.493953763162319646e-07
-4.431196201478941344e-07
-4.369599426155178435e-07
-4.309140494025704165e-07
-4.249789252564917963e-07
-4.191526138788901677e-07
-4.134321709563450377e-07
-4.078154682926227050e-07
-4.022998719810513516e-07
-3.968832229517457863e-07
-3.915636569660928192e-07
-3.863385828542424634e-07
-3.812061450218295236e-07
-3.761640858374868296e-07
-3.712106258434322540e-07
-3.663438057989038689e-07
-3.615616794613253432e-07
-3.568623986180266818e-07
-3.522442524564641512e-07
-3.477054017169514252e-07
-3.432441970221014979e-07
-3.388589563808599238e-07
-3.345482178364391380e-07
-3.303101428194997013e-07
-3.261435033671357198e-07
-3.220465861030492398e-07
-3.180179991817380448e-07
-3.140563033144689000e-07
-3.101601290062296203e-07
-3.063280165182021776e-07
-3.025589400723211524e-07
-2.988516050738668893e-07
-2.952043265518578129e-07
-2.916163995801923435e-07
-2.880861188320098460e-07
-2.846127168679417018e-07
-2.811949605934190917e-07
-2.778316264845867708e-07
-2.745217424628460847e-07
-2.712641555582016401e-07
-2.680581694335625043e-07
-2.649021357158876950e-07
-2.617955184759821401e-07
-2.587374662273213214e-07
-2.557268350636083440e-07
-2.527628563110382062e-07
-2.498442516350130113e-07
-2.469705366815586878e-07
-2.441407065484320035e-07
-2.413540337223828830e-07
-2.386095554719444881e-07
-2.359064889065625998e-07
-2.332440569432888039e-07
-2.306217796658268491e-07
-2.280383316915782642e-07
-2.254935875352715967e-07
-2.229863951355527067e-07
-2.205162806487531460e-07
-2.180824727965739490e-07
-2.156843816934621615e-07
-2.133213437152462227e-07
-2.109927255607330024e-07
-2.086978033285293325e-07
-2.064361998124743904e-07
-2.042069531446459222e-07
-2.020098418936252114e-07
-1.998439599267269780e-07
-1.977091580768265280e-07
-1.956045678230534722e-07
-1.935296575370100341e-07
-1.914841436929281786e-07
-1.894671789170760031e-07
-1.874784672508037355e-07
-1.855176096404121688e-07
-1.835838976082339859e-07
-1.816769891420029090e-07
-1.797964663851107826e-07
-1.779417753638779928e-07
-1.761124556774684574e-07
-1.743082801676362225e-07
-1.725284158252107230e-07
-1.707729757648225022e-07
-1.690411671331251326e-07
-1.673325067017378272e-07
-1.656470660625010810e-07
-1.639841057031020168e-07
-1.623432933794033591e-07
-1.607243351771682449e-07
-1.591267023784254923e-07
-1.575503910292579144e-07
-1.559947849850565414e-07
-1.544594506872834183e-07
-1.529442996181135274e-07
-1.514488663829308490e-07
-1.499727539931999103e-07
-1.485158993460194263e-07
-1.470777184792687096e-07
-1.456583622666553778e-07
-1.442569996454306510e-07
-1.428737042288952463e-07
-1.415077633559128016e-07
-1.401592652100814157e-07
-1.388278212076495612e-07
-1.375133846562271410e-07
-1.362152953445896960e-07
-1.349335613712488810e-07
-1.336679068341863486e-07
-1.324180030012988978e-07
-1.311836402425962279e-07
-1.299646702741125475e-07
-1.287606146629900521e-07
-1.275714002503086846e-07
-1.263967788632910355e-07
-1.252365066663736903e-07
-1.240903585504564009e-07
-1.229582843188602651e-07
-1.218398594908103850e-07
-1.207350653428861365e-07
-1.196434658647822057e-07
-1.185651510919597417e-07
-1.174996285627509691e-07
-1.164466321012242742e-07
-1.154065182709970949e-07
-1.143786078237672006e-07
-1.133630052118285396e-07
-1.123592653855273790e-07
-1.113671627846625225e-07
-1.103869218250690908e-07
-1.094181797651758370e-07
-1.084605929562270183e-07
-1.075143407003960410e-07
-1.065789389238778982e-07
-1.056543574524109105e-07
-1.047405361856659252e-07
-1.038371482721942886e-07
-1.029441437903664839e-07
-1.020613097224263397e-07
-1.011885739282751925e-07
-1.003257629857322413e-07
-9.947276747431733611e-08
-9.862921646934168926e-08
-9.779538143970646508e-08
-9.697090032907821250e-08
-9.615553939451808844e-08
-9.534944449851527046e-08
-9.455210286376397678e-08
-9.376382672589042336e-08
-9.298432629002693859e-08
-9.221320741125174400e-08
-9.145078299469224978e-08
-9.069673932888040830e-08
-8.995087664900308571e-08
-8.921338747690400124e-08
-8.848371373475637884e-08
-8.776200212245962551e-08
-8.704810269775945655e-08
-8.634215484493161331e-08
-8.564368781735105853e-08
-8.495253050976009330e-08
-8.426899550420235076e-08
-8.359287007003618247e-08
-8.292369708255010517e-08
-8.226186767288116639e-08
-8.160692416145497473e-08
-8.095888586218084469e-08
-8.031780797484662537e-08
-7.968341790622375864e-08
-7.905567118512247943e-08
-7.843451845030476320e-08
-7.781993899754565099e-08
-7.721168522043123114e-08
-7.660962201081428243e-08
-7.601402406877805885e-08
-7.542453724434498733e-08
-7.484125989344862044e-08
-7.426364927344174997e-08
-7.369206817028861963e-08
-7.312647102591558553e-08
-7.256662414587686434e-08
-7.201242525099955575e-08
-7.146383493755405195e-08
-7.092086243794917978e-08
-7.038318912668447075e-08
-6.985115480503664085e-08
-6.932453758380717045e-08
-6.880299333375240701e-08
-6.828674932415013598e-08
-6.777569140449129470e-08
-6.726971060141943853e-08
-6.676868870355177348e-08
-6.627270392434152048e-08
-6.578148699581919586e-08
-6.529514778259481710e-08
-6.481394728444560838e-08
-6.433703338961984587e-08
-6.386481993692167346e-08
-6.339739985746679172e-08
-6.293437761132648572e-08
-6.247595182133390543e-08
-6.202191282800675705e-08
-6.157232117041184895e-08
-6.112686362845129893e-08
-6.068604880061798391e-08
-6.024933724348004811e-08
-5.981677590690908752e-08
-5.938809594617214772e-08
-5.896394170481626977e-08
-5.854341145829393138e-08
-5.812711856753603596e-08
-5.771477212525214274e-08
-5.730618281710732174e-08
-5.690142732181410271e-08
-5.650062799905128144e-08
-5.610354069611487310e-08
-5.571014976351975872e-08
-5.532033317960622799e-08
-5.493439028543794633e-08
-5.455172197029102920e-08
-5.417265554071858021e-08
-5.379727882613102410e-08
-5.342523597707997607e-08
-5.305675209474550253e-08
-5.269132356230781046e-08
-5.232963699633419973e-08
-5.197102802683191758e-08
-5.161581729968592292e-08
-5.126364206399235980e-08
-5.091486161143181989e-08
-5.056910389796782842e-08
-5.022658604223014851e-08
-4.988701004471935444e-08
-4.955052136213443213e-08
-4.921709728041149241e-08
-4.888667058110335387e-08
-4.855908255748940967e-08
-4.823454573904987710e-08
-4.791290748119424953e-08
-4.759406397347795890e-08
-4.727811218085526299e-08
-4.696499354543511224e-08
-4.665446795306962905e-08
-4.634663897284642536e-08
-4.604157828950475805e-08
-4.573939243463717187e-08
-4.543956440011885132e-08
-4.514236533858961056e-08
-4.484802761110274360e-08
-4.455607279299845423e-08
-4.426657685496544300e-08
-4.397955359532076903e-08
-4.369516513010832199e-08
-4.341324991900742425e-08
-4.313371104869852298e-08
-4.285644364890105090e-08
-4.258152972614868235e-08
-4.230902235882720320e-08
-4.203882622374396566e-08
-4.177106857214729616e-08
-4.150549171155220557e-08
-4.124212519090634678e-08
-4.098110539539590478e-08
-4.072212514409130494e-08
-4.046547885450525904e-08
-4.021070337210202024e-08
-3.995831222870568499e-08
-3.970796637464914082e-08
-3.945965776187340335e-08
-3.921341800918030460e-08
-3.896933044183217382e-08
-3.872707473565521229e-08
-3.848705649025820685e-08
-3.824895784425165181e-08
-3.801273841758654172e-08
-3.777845082181238281e-08
-3.754606032015628904e-08
-3.731584279677988277e-08
-3.708729435705350493e-08
-3.686043743389302182e-08
-3.663571126953503755e-08
-3.641272719778503757e-08
-3.619151244219893742e-08
-3.597218595700615526e-08
-3.575445442944898274e-08
-3.553861894966202882e-08
-3.532446000212701248e-08
-3.511192947604676790e-08
-3.490128924975506822e-08
-3.469219092353580325e-08
-3.448485002300895444e-08
-3.427899506409495052e-08
-3.407486031101407449e-08
-3.387248638524640332e-08
-3.367162087101685389e-08
-3.347222845494502575e-08
-3.327433343064989491e-08
-3.307830763507685088e-08
-3.288356663439128731e-08
-3.269050323534607459e-08
-3.249892835070640384e-08
-3.230880458333026148e-08
-3.211997019468321342e-08
-3.193286591036238343e-08
-3.174731396629481252e-08
-3.156304479301387460e-08
-3.138005751571325912e-08
-3.119867030735634162e-08
-3.101857008706908084e-08
-3.083997486625057819e-08
-3.066262807115705601e-08
-3.048671792331118186e-08
-3.031203943453139222e-08
-3.013886580725521074e-08
-2.996696859705124622e-08
-2.979626224862058962e-08
-2.962688691158661320e-08
-2.945882863619081368e-08
-2.929187725350377818e-08
-2.912643867307254279e-08
-2.896207079695837841e-08
-2.879908806108433050e-08
-2.863729783526057794e-08
-2.847669376579218647e-08
-2.831727658683649279e-08
-2.815903615637546976e-08
-2.800187294638101855e-08
-2.784605482572536430e-08
-2.769121065570075152e-08
-2.753767337303957981e-08
-2.738511483005241819e-08
-2.723370568835075393e-08
-2.708357000268131731e-08
-2.693452922092218839e-08
-2.678628419095395319e-08
-2.663952312864841865e-08
-2.649352938791759554e-08
-2.634873233041381540e-08
-2.620501423195069484e-08
-2.606219695858139778e-08
-2.592053053494723129e-08
-2.577977938109351892e-08
-2.564033148381218932e-08
-2.550162288938222980e-08
-2.536396258954269601e-08
-2.522727635623245131e-08
-2.509167711302825207e-08
-2.495696754828404540e-08
-2.482329639285893506e-08
-2.469051562963977755e-08
-2.455859030826543536e-08
-2.442777543893521604e-08
-2.429770330952463732e-08
-2.416862874275666344e-08
-2.404044924018909263e-08
-2.391329235366953881e-08
-2.378701988103466554e-08
-2.366145659898085977e-08
-2.353687087831597753e-08
-2.341322263705640180e-08
-2.329052081748354025e-08
-2.316842733963858590e-08
-2.304734521216114852e-08
-2.292692712566853840e-08
-2.280764658791287756e-08
-2.268905461660367855e-08
-2.257110454332145308e-08
-2.245418704624263927e-08
-2.233797242452007756e-08
-2.222280995644590883e-08
-2.210805651594573436e-08
-2.199419944083680071e-08
-2.188116334577718423e-08
-2.176906989085406450e-08
-2.165759310797547242e-08
-2.154687028587330791e-08
-2.143682193660961411e-08
-2.132764259112165147e-08
-2.121926960827958116e-08
-2.111146243525462108e-08
-2.100448994209076420e-08
-2.089803466842583019e-08
-2.079263319578884519e-08
-2.068758476339641717e-08
-2.058338975418844962e-08
-2.048005149870780851e-08
-2.037725501553714816e-08
-2.027513161393301386e-08
-2.017372628438963571e-08
-2.007322777588768544e-08
-1.997298175239983249e-08
-1.987365945444573973e-08
-1.977481524455367896e-08
-1.967674080241284767e-08
-1.957925015696843979e-08
-1.948233646416713648e-08
-1.938625267993439018e-08
-1.929078526443595508e-08
-1.919591095844694925e-08
-1.910154181918074091e-08
-1.900797156058965279e-08
-1.891492093118297919e-08
-1.882253027377113182e-08
-1.873051293459589210e-08
-1.863926628345708542e-08
-1.854864590155230118e-08
-1.845867616039959446e-08
-1.836913375847253245e-08
-1.828019396660767609e-08
-1.819187521114959557e-08
-1.810419320807719028e-08
-1.801690325070109337e-08
-1.793041342688127731e-08
-1.784425855838475900e-08
-1.775871324254927236e-08
-1.767374688538163113e-08
-1.758937150996056203e-08
-1.750534762518513027e-08
-1.742200692337309264e-08
-1.733911001914847276e-08
-1.725672829144325797e-08
-1.717516743750759534e-08
-1.709380349041924604e-08
-1.701300325331606128e-08
-1.693272317946003462e-08
-1.685295776544602070e-08
-1.677366736100361396e-08
-1.669472684994072231e-08
-1.661661637642070641e-08
-1.653880321735798500e-08
-1.646151240625299791e-08
-1.638465785914731569e-08
-1.630828076502038447e-08
-1.623246516858695474e-08
-1.615692949457055790e-08
-1.608190643878164961e-08
-1.600748356519678697e-08
-1.593347748208152041e-08
-1.586001974200853854e-08
-1.578706371036936722e-08
-1.571425320063970734e-08
-1.564215716265895538e-08
-1.557040478729098179e-08
-1.549888912181243651e-08
-1.542807537145547784e-08
-1.535764488004179800e-08
-1.528750264927983548e-08
-1.521811126122795532e-08
-1.514881073520924360e-08
-1.507986517054011807e-08
-1.501165333578555319e-08
-1.494365752037376920e-08
-1.487611140768618155e-08
-1.480900243293345947e-08
-1.474224962159120144e-08
-1.467606113924747988e-08
-1.460997308588014555e-08
-1.454454802618417437e-08
-1.447930545268513985e-08
-1.441458502113526248e-08
-1.435029716356358231e-08
-1.428623327577989649e-08
-1.422279669342511925e-08
-1.415934825384405449e-08
-1.409659038477500519e-08
-1.403415856750426198e-08
-1.397181882017124537e-08
-1.391031597875019821e-08
-1.384879722198749499e-08
-1.378779144162778537e-08
-1.372719496107125948e-08
-1.366686103341326395e-08
-1.360687523554357764e-08
-1.354720071745053135e-08
-1.348805438478422990e-08
-1.342925057574583143e-08
-1.337056227636429224e-08
-1.331226918231947777e-08
-1.325446380597813988e-08
-1.319702503947834651e-08
-1.313957868948325902e-08
-1.308274444807620374e-08
-1.302613800769981863e-08
-1.297002445107407916e-08
-1.291410485615023695e-08
-1.285837642518016129e-08
-1.280320637605392712e-08
-1.274818328328241836e-08
