6.894358454213654852e+01
-6.780107687992540377e+01
6.329618547464620093e+01
-8.224093297737679720e+00
-2.526241614646751454e+00
-7.443294710934561520e-01
-3.200822604020807094e-01
-1.688446670918557491e-01
-1.002497879040125939e-01
-6.445549690420504518e-02
-4.391320730570574121e-02
-3.127092698121235192e-02
-2.306045149156167942e-02
-1.749482472401039587e-02
-1.358779621876899345e-02
-1.076405613649604118e-02
-8.672337214132496905e-03
-7.089783836927167869e-03
-5.870310033034957693e-03
-4.915411525053165614e-03
-4.157010913985796814e-03
-3.547026927947791088e-03
-3.050840470592782600e-03
-2.643092392749190472e-03
-2.304916645772519396e-03
-2.022079761352291952e-03
-1.783705716791456064e-03
-1.581386804273331691e-03
-1.408553827202411275e-03
-1.260023517346624830e-03
-1.131668953775832572e-03
-1.020176636429799295e-03
-9.228653671067854353e-04
-8.375498078540160370e-04
-7.624366879753570383e-04
-6.960451123465872820e-04
-6.371448717597068181e-04
-5.847082846560643175e-04
-5.378723364468382742e-04
-4.959087004101156307e-04
-4.581998271298459062e-04
-4.242197772285394341e-04
-3.935187469304124138e-04
-3.657105140974182210e-04
-3.404621913915464719e-04
-3.174858267139739169e-04
-2.965314806292782901e-04
-2.773815026973922232e-04
-2.598457664818707878e-04
-2.437576828186010223e-04
-2.289708822201451887e-04
-2.153564035770585885e-04
-2.028003188466554548e-04
-1.912017382509129853e-04
-1.804710952159408453e-04
-1.705286943573056796e-04
-1.613034581669719287e-04
-1.527318695631948043e-04
-1.447570414335822291e-04
-1.373279314848644696e-04
-1.303986401550643682e-04
-1.239278307651413258e-04
-1.178781983123785887e-04
-1.122160252807301978e-04
-1.069107791176585639e-04
-1.019347717627019532e-04
-9.726285338901562725e-05
-9.287214233074845247e-05
-8.874179547309037552e-05
-8.485279689408918927e-05
-8.118777018546540587e-05
-7.773081966745909932e-05
-7.446738501344478140e-05
-7.138411465505689873e-05
-6.846874250666273084e-05
-6.570999485221563994e-05
-6.309749199151254862e-05
-6.062167009692251808e-05
-5.827370627019880798e-05
-5.604545034316560067e-05
-5.392937083085449970e-05
-5.191849715948521071e-05
-5.000636912117948588e-05
-4.818699953059102847e-05
-4.645483227160658504e-05
-4.480470263604631031e-05
-4.323181433379524050e-05
-4.173169505001443451e-05
-4.030018923890813041e-05
-3.893341377528768913e-05
-3.762775398935601454e-05
-3.637983265934729982e-05
-3.518649016643222169e-05
-3.404477622230399087e-05
-3.295192800485029563e-05
-3.190535894941743094e-05
-3.090264684444841634e-05
-2.994151615152095512e-05
-2.901983342684904665e-05
-2.813559629539629393e-05
-2.728692190619359283e-05
-2.647204009387661011e-05
-2.568928509955688191e-05
-2.493709133396680624e-05
-2.421397801478551107e-05
-2.351855664836882513e-05
-2.284951105138276900e-05
-2.220560541050088741e-05
-2.158566835454387312e-05
-2.098859546630148058e-05
-2.041334173839240863e-05
-1.985891979437248798e-05
-1.932439569498657639e-05
-1.880888288704606493e-05
-1.831154613407927952e-05
-1.783158932594606106e-05
-1.736826146063246909e-05
-1.692084749469239223e-05
-1.648866828926306202e-05
-1.607108554368594754e-05
-1.566748370062005530e-05
-1.527728488914413194e-05
-1.489993682697425288e-05
-1.453491473516789478e-05
-1.418171872269154230e-05
-1.383987316883744656e-05
-1.350892939144322010e-05
-1.318845232740970940e-05
-1.287803312225311702e-05
-1.257727910649881608e-05
-1.228581902325851048e-05
-1.200329471692004445e-05
-1.172936853400890177e-05
-1.146371358728536655e-05
-1.120601917721346114e-05
-1.095599160090749737e-05
-1.071335018472201715e-05
-1.047781762831428466e-05
-1.024914054418158815e-05
-1.002707087480864383e-05
-9.811369758673201859e-06
-9.601811451741769886e-06
-9.398179444486593793e-06
-9.200264425256328947e-06
-9.007868054706786448e-06
-8.820799918679675562e-06
-8.638874447730311538e-06
-8.461919634587854525e-06
-8.289763468050256011e-06
-8.122246163388990338e-06
-7.959211426301145316e-06
-7.800511383493032892e-06
-7.646003063881872189e-06
-7.495548766657165150e-06
-7.349015734949178313e-06
-7.206278494766905386e-06
-7.067212998643603375e-06
-6.931703323574353072e-06
-6.799634426170927254e-06
-6.670902252768336031e-06
-6.545397127599738608e-06
-6.423020694523110669e-06
-6.303678370185041534e-06
-6.187273557390010961e-06
-6.073714535615457391e-06
-5.962919424605983738e-06
-5.854803567889328014e-06
-5.749285500220024936e-06
-5.646288206114457274e-06
-5.545735116856413856e-06
-5.447556599838922556e-06
-5.351681529879091619e-06
-5.258043509077589550e-06
-5.166576902426679371e-06
-5.077219516778485459e-06
-4.989911339986930622e-06
-4.904593084229967245e-06
-4.821209391070685295e-06
-4.739705278122494092e-06
-4.660027864198551008e-06
-4.582125855362309888e-06
-4.505951506716108536e-06
-4.431456200984810676e-06
-4.358592375698069551e-06
-4.287319379474643921e-06
-4.217590612080228743e-06
-4.149367241492374000e-06
-4.082606415449410026e-06
-4.017269808774103640e-06
-3.953320704592339085e-06
-3.890720266870551988e-06
-3.829436833541893792e-06
-3.769433071081204276e-06
-3.710674966040826070e-06
-3.653134075371844772e-06
-3.596775308960502987e-06
-3.541569859354283534e-06
-3.487487248630483441e-06
-3.434501861247080123e-06
-3.382584484755424281e-06
-3.331709097441435535e-06
-3.281846570154633297e-06
-3.232975191136541401e-06
-3.185069799642144608e-06
-3.138106342208011809e-06
-3.092060770392519517e-06
-3.046911637403625778e-06
-3.002638093527014440e-06
-2.959218062761719004e-06
-2.916630271077025327e-06
-2.874856631557504497e-06
-2.833877274866728607e-06
-2.793671873242871417e-06
-2.754223466493567821e-06
-2.715516406708766775e-06
-2.677529163493379966e-06
-2.640246854000716237e-06
-2.603655942862203101e-06
-2.567736288897667224e-06
-2.532472976652386590e-06
-2.497855771072888045e-06
-2.463864545960287034e-06
-2.430489544284547207e-06
-2.397711807553774138e-06
-2.365520355413321466e-06
-2.333904853184329969e-06
-2.302848944556613181e-06
-2.272341534221905199e-06
-2.242371534823262014e-06
-2.212926546086950441e-06
-2.183994259755475675e-06
-2.155562642162456646e-06
-2.127625039192483636e-06
-2.100166355099505888e-06
-2.073179472034244672e-06
-2.046652212733162182e-06
-2.020575170290882239e-06
-1.994940373851008045e-06
-1.969737213492611660e-06
-1.944956138682585670e-06
-1.920588641869279065e-06
-1.896626432443390339e-06
-1.873062531101933256e-06
-1.849886681355890350e-06
-1.827091099850788533e-06
-1.804669337729337616e-06
-1.782613154555860030e-06
-1.760914790014745171e-06
-1.739565969594274869e-06
-1.718561722503092470e-06
-1.697894811125526260e-06
-1.677556856719648534e-06
-1.657543314152526079e-06
-1.637846600198228017e-06
-1.618460455509547133e-06
-1.599379456279897277e-06
-1.580596255219618093e-06
-1.562106923791309679e-06
-1.543904401025324516e-06
-1.525983644037149853e-06
-1.508339902592291740e-06
-1.490966559682159812e-06
-1.473859561352316300e-06
-1.457011820057150034e-06
-1.440420781386852339e-06
-1.424080663666588142e-06
-1.407988509052968823e-06
-1.392135416363252109e-06
-1.376520019994061095e-06
-1.361137871740787306e-06
-1.345984264113607443e-06
-1.331054489261442042e-06
-1.316344231890725913e-06
-1.301849706047703698e-06
-1.287567595258543723e-06
-1.273492902364526183e-06
-1.259624187330060305e-06
-1.245954623236558353e-06
-1.232483055787960552e-06
-1.219206421129324577e-06
-1.206116690716241280e-06
-1.193215919152810361e-06
-1.180497207358549572e-06
-1.167957704653046699e-06
-1.155598353720600421e-06
-1.143411887148627556e-06
-1.131395555980900525e-06
-1.119545237499844012e-06
-1.107861559821073094e-06
-1.096340205863823719e-06
-1.084976980495790111e-06
-1.073770664687320742e-06
-1.062718256322498639e-06
-1.051817370081734385e-06
-1.041065070296826392e-06
-1.030457956081214446e-06
-1.019995866013024416e-06
-1.009673738029508161e-06
-9.994900884826088405e-07
-9.894436424021796350e-07
-9.795316127808335188e-07
-9.697524589375762505e-07
-9.601006131045898562e-07
-9.505771517170392981e-07
-9.411804299380970712e-07
-9.319060098210082965e-07
-9.227542333415696130e-07
-9.137204746271793826e-07
-9.048054266569318521e-07
-8.960044714809243388e-07
-8.873194466568236349e-07
-8.787452210052941470e-07
-8.702808669740300790e-07
-8.619250553057976327e-07
-8.536763039120563723e-07
-8.455323179457682053e-07
-8.374906374977036938e-07
-8.295503492734661311e-07
-8.217129141712981727e-07
-8.139700684469102637e-07
-8.063271255093033829e-07
-7.987786477278800007e-07
-7.913242803104895973e-07
-7.839620341128228365e-07
-7.766905843100812418e-07
-7.695102951358646914e-07
-7.624162508736848087e-07
-7.554095005205853364e-07
-7.484889526588114905e-07
-7.416533855191496938e-07
-7.348996573074834116e-07
-7.282283958525478246e-07
-7.216385230009343676e-07
-7.151252425763830745e-07
-7.086921363676224050e-07
-7.023350508921898799e-07
-6.960542202633784870e-07
-6.898476537470048242e-07
-6.837149047927201101e-07
-6.776551680863756449e-07
-6.716660252371799839e-07
-6.657468466552199371e-07
-6.598982743453909311e-07
-6.541183473159940809e-07
-6.484045904603212562e-07
-6.427565602052428412e-07
-6.371756558689201794e-07
-6.316579188308125287e-07
-6.262039413890488349e-07
-6.208129144464821780e-07
-6.154826042317849272e-07
-6.102150515755692256e-07
-6.050049845606007143e-07
-5.998563593716515346e-07
-5.947652096701793595e-07
-5.897311528570668704e-07
-5.847538462953709437e-07
-5.798333286425368799e-07
-5.749655240551692498e-07
-5.701529773114583088e-07
-5.653960289848936061e-07
-5.606888692825072462e-07
-5.560373655662340792e-07
-5.514346206848212001e-07
-5.468822126299122122e-07
-5.423809452511155205e-07
-5.379286704154141729e-07
-5.335238685683606208e-07
-5.291688693945771627e-07
-5.248610453383387164e-07
-5.205992242456915220e-07
-5.163821541606314347e-07
-5.122122766197147181e-07
-5.080863362287232898e-07
-5.040050630403941634e-07
-4.999688361720378005e-07
-4.959723105177858693e-07
-4.920196692674572159e-07
-4.881095510612422361e-07
-4.842413255882332956e-07
-4.804119658825996286e-07
-4.766238889436676118e-07
-4.728760396393270893e-07
-4.691665563020738783e-07
-4.654971336001852145e-07
-4.618648685992578218e-07
-4.582680649890986946e-07
-4.547118995462499924e-07
-4.511916098914187101e-07
-4.477068985767745923e-07
-4.442570403656066758e-07
-4.408445058367779779e-07
-4.374666992528614129e-07
-4.341219305282854879e-07
-4.308110828723545060e-07
-4.275348529695320587e-07
-4.242913863492479842e-07
-4.210813560920172172e-07
-4.179025966974218853e-07
-4.147571364926209980e-07
-4.116416674943869369e-07
-4.085570075341993235e-07
-4.055049355436608771e-07
-4.024824531816129092e-07
-3.994903178330955207e-07
-3.965267637491033670e-07
-3.935926331777826748e-07
-3.906864445668394026e-07
-3.878112507906331108e-07
-3.849640079363857159e-07
-3.821420813381742887e-07
-3.793485397231288747e-07
-3.765825158552789376e-07
-3.738449960181619569e-07
-3.711317508349465388e-07
-3.684447239544336172e-07
-3.657842816548115272e-07
-3.631493588379837434e-07
-3.605406258518420448e-07
-3.579555441324093479e-07
-3.553937275263367723e-07
-3.528587019878924591e-07
-3.503473704757897877e-07
-3.478580796688855725e-07
-3.453949399623637562e-07
-3.429532440886624844e-07
-3.405353494758366073e-07
-3.381406048102476858e-07
-3.357656819867431419e-07
-3.334165993617091428e-07
-3.310875301642222934e-07
-3.287800159532637545e-07
-3.264934572747534014e-07
-3.242283791631342393e-07
-3.219840904711800122e-07
-3.197617451503910468e-07
-3.175592550278168169e-07
-3.153752515224275688e-07
-3.132130789655455938e-07
-3.110692829463683473e-07
-3.089452930440071687e-07
-3.068414117729859059e-07
-3.047574939026888308e-07
-3.026904842372626914e-07
-3.006425996787166766e-07
-2.986147410910695854e-07
-2.966017493503253499e-07
-2.946102711093301352e-07
-2.926346476888296022e-07
-2.906764382877742581e-07
-2.887373889153173334e-07
-2.868126067999410278e-07
-2.849082162028997167e-07
-2.830186137171321337e-07
-2.811464971355821796e-07
-2.792892252281332921e-07
-2.774507426557895617e-07
-2.756278449362985217e-07
-2.738190719086749936e-07
-2.720281505491119189e-07
-2.702533271337070886e-07
-2.684910845804355795e-07
-2.667448657117134359e-07
-2.650140020891457449e-07
-2.632987620228462167e-07
-2.615984812637771328e-07
-2.599127933954059610e-07
-2.582409498953948390e-07
-2.565846892914683264e-07
-2.549412609956745734e-07
-2.533110902607285664e-07
-2.516964854211434233e-07
-2.500954990694061186e-07
-2.485066751978931565e-07
-2.469313384752779006e-07
-2.453699730693877090e-07
-2.438216236367793388e-07
-2.422856667954643994e-07
-2.407646062202277448e-07
-2.392545876586486819e-07
-2.377589507240353284e-07
-2.362731939728988928e-07
-2.348020206092114870e-07
-2.333405438267356635e-07
-2.318937471195575695e-07
-2.304568775799743785e-07
-2.290334979852294561e-07
-2.276205392811973816e-07
-2.262190895272082891e-07
-2.248300842132289201e-07
-2.234517411346670368e-07
-2.220856630064452220e-07
-2.207297949796509229e-07
-2.193842651701180535e-07
-2.180513481537735276e-07
-2.167279478130709758e-07
-2.154171419572852020e-07
-2.141138394215133522e-07
-2.128237233034110942e-07
-2.115431837188853914e-07
-2.102713654002566490e-07
-2.090110008648622675e-07
-2.077607270754150415e-07
-2.065205590589570817e-07
-2.052907249637178633e-07
-2.040704674679746922e-07
-2.028580500814357312e-07
-2.016563102336110802e-07
-2.004629477982654284e-07
-1.992804110084213376e-07
-1.981085642863318619e-07
-1.969441812913613754e-07
-1.957887808940426966e-07
-1.946422132706460140e-07
-1.935048318402882161e-07
-1.923751885494866254e-07
-1.912572994426826878e-07
-1.901459052953968776e-07
-1.890443140791474297e-07
-1.879491906288908998e-07
-1.868635173991883835e-07
-1.857878008069968612e-07
-1.847183750823717940e-07
-1.836562325756123382e-07
-1.826051307272577584e-07
-1.815603142829580463e-07
-1.805239155379216587e-07
-1.794956956771044665e-07
-1.784728131440892207e-07
-1.774605174224494486e-07
-1.764554389818359659e-07
-1.754573406352426257e-07
-1.744671929170861502e-07
-1.734846578164972453e-07
-1.725081567463884746e-07
-1.715399502093088724e-07
-1.705794691127422713e-07
-1.696254677773477437e-07
-1.686774057378832847e-07
-1.677377489926745735e-07
-1.668057942410226813e-07
-1.658804360746279905e-07
-1.649617244769453761e-07
-1.640490427455391920e-07
-1.631420212585416030e-07
-1.622438437751984319e-07
-1.613506691875224441e-07
-1.604650537007611122e-07
-1.595871091798588270e-07
-1.587132221108136787e-07
-1.578478236235678067e-07
-1.569864657357741833e-07
-1.561331986980191155e-07
-1.552853689480368504e-07
-1.544431066508034078e-07
-1.536063919324592852e-07
-1.527780028420626379e-07
-1.519545471031363837e-07
-1.511358990917768819e-07
-1.503252544539888935e-07
-1.495173383748993334e-07
-1.487176935375741915e-07
-1.479242835908910203e-07
-1.471350115564429295e-07
-1.463514333328690131e-07
-1.455744452131917110e-07
-1.448008958280545821e-07
-1.440331054108727471e-07
-1.432721911231310541e-07
-1.425171636303471101e-07
-1.417661345619845858e-07
-1.410203848478328026e-07
-1.402802035479003284e-07
-1.395449870772967615e-07
-1.388148139821326899e-07
-1.380912881916371293e-07
-1.373696091708405398e-07
-1.366550329215399096e-07
-1.359450003306575394e-07
-1.352402265574620399e-07
-1.345406759976214284e-07
-1.338444457084884964e-07
-1.331552249065302840e-07
-1.324691648765634333e-07
-1.317875258301411112e-07
-1.311109591884546122e-07
-1.304399074720900831e-07
-1.297725167621194275e-07
-1.291083342232907105e-07
-1.284503963832304974e-07
-1.277975464246752790e-07
-1.271471811994592804e-07
-1.265024278875211128e-07
-1.258618064475108822e-07
-1.252254084632871411e-07
-1.245934709132555385e-07
-1.239660210234673487e-07
-1.233428681664608395e-07
-1.227240558161410422e-07
-1.221081895414963259e-07
-1.214961304280351428e-07
-1.208908835944808025e-07
-1.202869219941310464e-07
-1.196879596725500261e-07
-1.190929335022870850e-07
-1.185014345812633596e-07
-1.179159788981982981e-07
-1.173312461060643797e-07
-1.167524073665375528e-07
-1.161762406753572008e-07
-1.156045963349866534e-07
-1.150370665075998999e-07
-1.144718674694206184e-07
-1.139104548204122880e-07
-1.133540600112802055e-07
-1.128017220893527683e-07
-1.122503448286633898e-07
-1.117059907646683614e-07
-1.111627274384165143e-07
-1.106228202213919987e-07
-1.100873907268137830e-07
-1.095552906462370080e-07
-1.090270561302127128e-07
-1.085008721605530690e-07
-1.079778010129595067e-07
-1.074592638956352320e-07
-1.069439388825046966e-07
-1.064324595808838203e-07
-1.059229271689610119e-07
-1.054164094067659707e-07
-1.049144099088059057e-07
-1.044157182648365600e-07
-1.039197138593198066e-07
-1.034273109162472948e-07
-1.029369241772187804e-07
-1.024505600450906218e-07
-1.019660424562800205e-07
-1.014857937717099368e-07
-1.010081898608627959e-07
-1.005338320383096506e-07
-1.000616520084249284e-07
-9.959370230339797958e-08
-9.912735249436796514e-08
-9.866544153089643054e-08
-9.820611191532074846e-08
-9.774763877696060477e-08
-9.729417050014302348e-08
-9.684124982044933772e-08
-9.639346020429845341e-08
-9.594729662078943511e-08
-9.550341993885130831e-08
-9.506402533828589574e-08
-9.462533163452635510e-08
-9.419061257299674028e-08
-9.375776131468824270e-08
-9.332756532084290901e-08
-9.290048900122138686e-08
-9.247625068964024364e-08
-9.205467906654371535e-08
-9.163638221496017700e-08
-9.121985793504941431e-08
-9.080358569051039108e-08
-9.039249118268297134e-08
-8.998292472120819618e-08
-8.957644040711795763e-08
-8.917086340718208270e-08
-8.876929286256995955e-08
-8.837109784481239627e-08
-8.797284683625256063e-08
-8.757956422794990758e-08
-8.718551825978582137e-08
-8.679610059240255859e-08
-8.640870657883326089e-08
-8.602297173329262470e-08
-8.563840788854831798e-08
-8.525822367761240472e-08
-8.488028720816595540e-08
-8.450396131757728635e-08
-8.412876233328259179e-08
-8.375712200713036903e-08
-8.338649347752746799e-08
-8.301906072056414176e-08
-8.265445727547240939e-08
-8.229001812430636331e-08
-8.192878555007138131e-08
-8.157060249480707625e-08
-8.121179534631775554e-08
-8.085860615444917521e-08
-8.050630658949439744e-08
-8.015479474859227293e-08
-7.980591424337768469e-08
-7.945793939782494486e-08
-7.911414560491172865e-08
-7.877092711872785147e-08
-7.843086497448525929e-08
-7.809323901127387946e-08
-7.775536709029445825e-08
-7.741945338068587090e-08
-7.708789225404147349e-08
-7.675619320560503334e-08
-7.642734916896848363e-08
