1.469909896010476835e+00
1.328107784014594586e+02
1.992544941660121083e+01
1.334098558384179398e+02
1.303628250981467431e+02
1.270330320660459194e+02
1.260574381016199368e+02
1.256574712394166369e+02
1.254500700099540467e+02
1.253278770944022256e+02
1.252496528753015497e+02
1.251965034514133492e+02
1.251587242962513500e+02
1.251309003244046920e+02
1.251098116574617762e+02
1.250934443774224292e+02
1.250804856880985056e+02
1.250700498064970390e+02
1.250615213389032618e+02
1.250544618676042177e+02
1.250485521624312639e+02
1.250435552830596890e+02
1.250392923604224364e+02
1.250356263086262487e+02
1.250324506308843553e+02
1.250296815759566869e+02
1.250272525455983583e+02
1.250251100435622931e+02
1.250232106988009519e+02
1.250215190491351365e+02
1.250200058711152025e+02
1.250186469074575228e+02
1.250174218874100802e+02
1.250163137654442380e+02
1.250153081243546183e+02
1.250143927034066422e+02
1.250135570224553447e+02
1.250127920803567463e+02
1.250120901113394751e+02
1.250114443869602212e+02
1.250108490541321515e+02
1.250102990019200604e+02
1.250097897513947345e+02
1.250093173641095490e+02
1.250088783656694744e+02
1.250084696816218894e+02
1.250080885834519648e+02
1.250077326428949931e+02
1.250073996931424460e+02
1.250070877957647042e+02
1.250067952124253594e+02
1.250065203805916525e+02
1.250062618926239821e+02
1.250060184777026677e+02
1.250057889861811589e+02
1.250055723759705728e+02
1.250053677006913659e+02
1.250051740993130949e+02
1.250049907870806152e+02
1.250048170475478173e+02
1.250046522255639871e+02
1.250044957210830745e+02
1.250043469836983263e+02
1.250042055077928040e+02
1.250040708282346174e+02
1.250039425165480651e+02
1.250038201775032007e+02
1.250037034460642644e+02
1.250035919846634016e+02
1.250034854807634872e+02
1.250033836446518762e+02
1.250032862074783822e+02
1.250031929194744293e+02
1.250031035483505804e+02
1.250030178778514340e+02
1.250029357064394873e+02
1.250028568461169556e+02
1.250027811213414282e+02
1.250027083680560480e+02
1.250026384327919260e+02
1.250025711718619874e+02
1.250025064506251340e+02
1.250024441428053166e+02
1.250023841298801983e+02
1.250023263005140421e+02
1.250022705500436047e+02
1.250022167800004098e+02
1.250021648976797337e+02
1.250021148157385227e+02
1.250020664518253000e+02
1.250020197282470207e+02
1.250019745716530792e+02
1.250019309127456495e+02
1.250018886860173382e+02
1.250018478295027506e+02
1.250018082845533769e+02
1.250017699956239028e+02
1.250017329100799657e+02
1.250016969780148770e+02
1.250016621520821332e+02
1.250016283873418530e+02
1.250015956411113507e+02
1.250015638728339553e+02
1.250015330439510990e+02
1.250015031177866547e+02
1.250014740594361626e+02
1.250014458356669849e+02
1.250014184148214866e+02
1.250013917667302508e+02
1.250013658626259172e+02
1.250013406750692440e+02
1.250013161778729227e+02
1.250012923460356689e+02
1.250012691556787701e+02
1.250012465839836722e+02
1.250012246091383901e+02
1.250012032102837765e+02
1.250011823674640112e+02
1.250011620615799615e+02
1.250011422743452556e+02
1.250011229882466068e+02
1.250011041865022463e+02
1.250010858530290392e+02
1.250010679724021685e+02
1.250010505298324404e+02
1.250010335111230972e+02
1.250010169026537170e+02
1.250010006913424974e+02
1.250009848646272417e+02
1.250009694104374347e+02
1.250009543171725284e+02
1.250009395736806823e+02
1.250009251692375756e+02
1.250009110935249765e+02
1.250008973366160347e+02
1.250008838889552862e+02
1.250008707413432489e+02
1.250008578849188439e+02
1.250008453111455964e+02
1.250008330117995996e+02
1.250008209789513387e+02
1.250008092049571786e+02
1.250007976824457785e+02
1.250007864043044492e+02
1.250007753636723749e+02
1.250007645539271834e+02
1.250007539686747009e+02
1.250007436017423856e+02
1.250007334471658993e+02
1.250007234991866056e+02
1.250007137522362228e+02
1.250007042009346776e+02
1.250006948400812661e+02
1.250006856646460278e+02
1.250006766697633793e+02
1.250006678507279076e+02
1.250006592029845081e+02
1.250006507221266929e+02
1.250006424038862889e+02
1.250006342441339768e+02
1.250006262388683780e+02
1.250006183842125438e+02
1.250006106764141549e+02
1.250006031118345504e+02
1.250005956869450756e+02
1.250005883983294694e+02
1.250005812426726806e+02
1.250005742167606542e+02
1.250005673174751735e+02
1.250005605417909607e+02
1.250005538867738295e+02
1.250005473495752710e+02
1.250005409274298955e+02
1.250005346176546794e+02
1.250005284176426414e+02
1.250005223248622457e+02
1.250005163368549717e+02
1.250005104512325289e+02
1.250005046656743275e+02
1.250004989779244937e+02
1.250004933857897953e+02
1.250004878871404088e+02
1.250004824799031553e+02
1.250004771620632340e+02
1.250004719316607265e+02
1.250004667867897155e+02
1.250004617255949455e+02
1.250004567462714391e+02
1.250004518470626351e+02
1.250004470262604883e+02
1.250004422821983070e+02
1.250004376132580433e+02
1.250004330178622780e+02
1.250004284944721746e+02
1.250004240415925238e+02
1.250004196577656472e+02
1.250004153415705019e+02
1.250004110916227376e+02
1.250004069065750656e+02
1.250004027851109214e+02
1.250003987259503759e+02
1.250003947278429877e+02
1.250003907895695505e+02
1.250003869099445097e+02
1.250003830878068811e+02
1.250003793220279391e+02
1.250003756115037845e+02
1.250003719551592951e+02
1.250003683519452977e+02
1.250003648008362518e+02
1.250003613008330348e+02
1.250003578509599578e+02
1.250003544502636430e+02
1.250003510978135353e+02
1.250003477927023994e+02
1.250003445340422417e+02
1.250003413209671095e+02
1.250003381526300927e+02
1.250003350282058392e+02
1.250003319468843728e+02
1.250003289078786963e+02
1.250003259104163646e+02
1.250003229537441030e+02
1.250003200371248795e+02
1.250003171598373086e+02
1.250003143211793031e+02
1.250003115204616364e+02
1.250003087570111830e+02
1.250003060301693694e+02
1.250003033392937084e+02
1.250003006837525845e+02
1.250002980629311651e+02
1.250002954762257730e+02
1.250002929230493010e+02
1.250002904028223298e+02
1.250002879149810866e+02
1.250002854589727974e+02
1.250002830342575066e+02
1.250002806403053484e+02
1.250002782765972995e+02
1.250002759426272689e+02
1.250002736378974504e+02
1.250002713619223584e+02
1.250002691142258300e+02
1.250002668943401289e+02
1.250002647018092574e+02
1.250002625361850761e+02
1.250002603970297059e+02
1.250002582839132970e+02
1.250002561964138579e+02
1.250002541341211213e+02
1.250002520966296089e+02
1.250002500835425536e+02
1.250002480944736618e+02
1.250002461290400220e+02
1.250002441868705176e+02
1.250002422675991198e+02
1.250002403708658818e+02
1.250002384963212876e+02
1.250002366436198002e+02
1.250002348124226756e+02
1.250002330023994261e+02
1.250002312132242537e+02
1.250002294445780961e+02
1.250002276961481726e+02
1.250002259676279976e+02
1.250002242587167700e+02
1.250002225691179518e+02
1.250002208985412011e+02
1.250002192467036366e+02
1.250002176133258871e+02
1.250002159981324610e+02
1.250002144008556115e+02
1.250002128212308605e+02
1.250002112589986325e+02
1.250002097139054484e+02
1.250002081857015241e+02
1.250002066741410829e+02
1.250002051789834212e+02
1.250002036999921700e+02
1.250002022369352375e+02
1.250002007895836869e+02
1.250001993577146493e+02
1.250001979411067481e+02
1.250001965395462094e+02
1.250001951528189608e+02
1.250001937807162165e+02
1.250001924230334254e+02
1.250001910795698450e+02
1.250001897501264239e+02
1.250001884345094112e+02
1.250001871325281115e+02
1.250001858439939895e+02
1.250001845687232134e+02
1.250001833065341401e+02
1.250001820572479545e+02
1.250001808206901046e+02
1.250001795966882980e+02
1.250001783850722745e+02
1.250001771856752413e+02
1.250001759983352514e+02
1.250001748228902727e+02
1.250001736591814421e+02
1.250001725070527101e+02
1.250001713663531007e+02
1.250001702369286676e+02
1.250001691186353128e+02
1.250001680113233533e+02
1.250001669148517749e+02
1.250001658290790516e+02
1.250001647538663576e+02
1.250001636890774961e+02
1.250001626345770660e+02
1.250001615902339864e+02
1.250001605559187254e+02
1.250001595315014384e+02
1.250001585168583063e+02
1.250001575118629518e+02
1.250001565163963448e+02
1.250001555303363574e+02
1.250001545535649115e+02
1.250001535859678654e+02
1.250001526274279939e+02
1.250001516778337987e+02
1.250001507370737102e+02
1.250001498050401949e+02
1.250001488816239572e+02
1.250001479667183588e+02
1.250001470602216358e+02
1.250001461620291678e+02
1.250001452720409247e+02
1.250001443901571179e+02
1.250001435162785555e+02
1.250001426503100106e+02
1.250001417921549773e+02
1.250001409417211846e+02
1.250001400989144003e+02
1.250001392636463748e+02
1.250001384358246241e+02
1.250001376153630162e+02
1.250001368021736567e+02
1.250001359961700445e+02
1.250001351972699695e+02
1.250001344053889056e+02
1.250001336204443589e+02
1.250001328423559812e+02
1.250001320710444901e+02
1.250001313064306032e+02
1.250001305484379373e+02
1.250001297969899952e+02
1.250001290520113884e+02
1.250001283134283199e+02
1.250001275811673338e+02
1.250001268551578306e+02
1.250001261353268518e+02
1.250001254216059721e+02
1.250001247139254588e+02
1.250001240122178672e+02
1.250001233164159373e+02
1.250001226264528924e+02
1.250001219422654941e+02
1.250001212637872072e+02
1.250001205909564703e+02
1.250001199237105567e+02
1.250001192619855601e+02
1.250001186057241256e+02
1.250001179548632990e+02
1.250001173093462228e+02
1.250001166691134671e+02
1.250001160341077053e+02
1.250001154042717815e+02
1.250001147795507705e+02
1.250001141598883834e+02
1.250001135452307750e+02
1.250001129355235605e+02
1.250001123307146713e+02
1.250001117307515415e+02
1.250001111355807240e+02
1.250001105451548113e+02
1.250001099594205840e+02
1.250001093783291850e+02
1.250001088018320416e+02
1.250001082298813202e+02
1.250001076624282348e+02
1.250001070994264580e+02
1.250001065408295489e+02
1.250001059865907962e+02
1.250001054366652795e+02
1.250001048910097410e+02
1.250001043495789190e+02
1.250001038123294137e+02
1.250001032792177398e+02
1.250001027502034248e+02
1.250001022252419460e+02
1.250001017042937264e+02
1.250001011873178953e+02
1.250001006742733836e+02
1.250001001651213670e+02
1.250000996598225811e+02
1.250000991583364254e+02
1.250000986606271454e+02
1.250000981666550217e+02
1.250000976763837883e+02
1.250000971897760991e+02
1.250000967067957305e+02
1.250000962274075533e+02
1.250000957515737241e+02
1.250000952792608899e+02
1.250000948104347458e+02
1.250000943450606314e+02
1.250000938831029345e+02
1.250000934245316273e+02
1.250000929693105007e+02
1.250000925174099109e+02
1.250000920687955386e+02
1.250000916234358641e+02
1.250000911813004905e+02
1.250000907423575853e+02
1.250000903065769364e+02
1.250000898739277204e+02
1.250000894443794834e+02
1.250000890179040596e+02
1.250000885944717766e+02
1.250000881740528342e+02
1.250000877566203883e+02
1.250000873421449228e+02
1.250000869305987408e+02
1.250000865219544721e+02
1.250000861161850594e+02
1.250000857132630045e+02
1.250000853131627565e+02
1.250000849158575988e+02
1.250000845213204315e+02
1.250000841295268117e+02
1.250000837404512311e+02
1.250000833540686926e+02
1.250000829703542422e+02
1.250000825892829965e+02
1.250000822108310672e+02
1.250000818349744378e+02
1.250000814616890068e+02
1.250000810909529889e+02
1.250000807227416431e+02
1.250000803570326440e+02
1.250000799938028422e+02
1.250000796330308361e+02
1.250000792746937179e+02
1.250000789187692618e+02
1.250000785652371604e+02
1.250000782140752165e+02
1.250000778652630373e+02
1.250000775187769193e+02
1.250000771746001362e+02
1.250000768327106471e+02
1.250000764930872350e+02
1.250000761557110280e+02
1.250000758205613920e+02
1.250000754876205491e+02
1.250000751568668420e+02
1.250000748282826919e+02
1.250000745018484878e+02
1.250000741775463240e+02
1.250000738553562485e+02
1.250000735352603130e+02
1.250000732172417912e+02
1.250000729012815412e+02
1.250000725873617853e+02
1.250000722754665787e+02
1.250000719655767369e+02
1.250000716576749227e+02
1.250000713517458024e+02
1.250000710477706320e+02
1.250000707457346323e+02
1.250000704456208922e+02
1.250000701474117619e+02
1.250000698510927037e+02
1.250000695566468352e+02
1.250000692640596043e+02
1.250000689733138017e+02
1.250000686843958277e+02
1.250000683972889561e+02
1.250000681119787203e+02
1.250000678284499713e+02
1.250000675466872764e+02
1.250000672666774193e+02
1.250000669884039723e+02
1.250000667118549984e+02
1.250000664370146382e+02
1.250000661638685671e+02
1.250000658924043364e+02
1.250000656226066411e+02
1.250000653544635441e+02
1.250000650879601949e+02
1.250000648230834059e+02
1.250000645598201459e+02
1.250000642981582928e+02
1.250000640380831385e+02
1.250000637795832432e+02
1.250000635226448367e+02
1.250000632672566212e+02
1.250000630134048265e+02
1.250000627610779134e+02
1.250000625102635610e+02
1.250000622609501875e+02
1.250000620131250457e+02
1.250000617667770797e+02
1.250000615218937838e+02
1.250000612784637326e+02
1.250000610364748468e+02
1.250000607959180741e+02
1.250000605567796583e+02
1.250000603190507604e+02
1.250000600827177237e+02
1.250000598477710980e+02
1.250000596141995857e+02
1.250000593819929264e+02
1.250000591511410732e+02
1.250000589216325722e+02
1.250000586934569213e+02
1.250000584666045569e+02
1.250000582410638117e+02
1.250000580168267419e+02
1.250000577938819504e+02
1.250000575722194611e+02
1.250000573518298523e+02
1.250000571327036880e+02
1.250000569148301679e+02
1.250000566982014192e+02
1.250000564828065848e+02
1.250000562686369818e+02
1.250000560556833733e+02
1.250000558439359679e+02
1.250000556333869071e+02
1.250000554240255042e+02
1.250000552158448386e+02
1.250000550088330300e+02
1.250000548029847920e+02
1.250000545982898359e+02
1.250000543947381999e+02
1.250000541923238018e+02
1.250000539910367081e+02
1.250000537908704104e+02
1.250000535918131703e+02
1.250000533938603695e+02
1.250000531970009376e+02
1.250000530012295599e+02
1.250000528065359617e+02
1.250000526129132083e+02
1.250000524203541659e+02
1.250000522288494409e+02
1.250000520383939033e+02
1.250000518489761987e+02
1.250000516605916943e+02
1.250000514732324177e+02
1.250000512868898142e+02
1.250000511015570623e+02
1.250000509172274974e+02
1.250000507338942128e+02
1.250000505515484548e+02
1.250000503701838994e+02
1.250000501897941376e+02
1.250000500103716234e+02
1.250000498319091946e+02
1.250000496544006552e+02
1.250000494778392124e+02
1.250000493022166523e+02
1.250000491275287544e+02
1.250000489537665942e+02
1.250000487809252974e+02
1.250000486089975738e+02
1.250000484379774690e+02
1.250000482678583609e+02
1.250000480986331866e+02
1.250000479302977539e+02
1.250000477628430673e+02
1.250000475962649915e+02
1.250000474305570606e+02
1.250000472657124817e+02
1.250000471017259969e+02
1.250000469385912965e+02
1.250000467763033356e+02
1.250000466148555489e+02
1.250000464542411294e+02
1.250000462944567232e+02
1.250000461354941592e+02
1.250000459773490888e+02
1.250000458200162967e+02
1.250000456634894448e+02
1.250000455077630761e+02
1.250000453528321742e+02
1.250000451986910690e+02
1.250000450453342324e+02
1.250000448927571739e+02
1.250000447409538822e+02
1.250000445899183603e+02
1.250000444396473540e+02
1.250000442901347668e+02
1.250000441413755539e+02
1.250000439933633771e+02
1.250000438460952239e+02
1.250000436995653104e+02
1.250000435537685775e+02
1.250000434087002503e+02
1.250000432643552983e+02
1.250000431207298703e+02
1.250000429778174862e+02
1.250000428356150621e+02
1.250000426941175107e+02
1.250000425533191475e+02
1.250000424132162777e+02
1.250000422738041692e+02
1.250000421350791555e+02
1.250000419970349839e+02
1.250000418596677321e+02
1.250000417229740606e+02
1.250000415869496351e+02
1.250000414515875207e+02
1.250000413168867084e+02
1.250000411828409170e+02
1.250000410494464518e+02
1.250000409166987652e+02
1.250000407845940344e+02
1.250000406531285364e+02
1.250000405222967998e+02
1.250000403920962384e+02
1.250000402625218072e+02
1.250000401335696267e+02
1.250000400052368548e+02
1.250000398775181338e+02
1.250000397504096554e+02
1.250000396239087621e+02
1.250000394980106506e+02
1.250000393727110293e+02
1.250000392480078659e+02
1.250000391238950073e+02
1.250000390003704354e+02
1.250000388774295885e+02
1.250000387550698093e+02
1.250000386332855413e+02
1.250000385120762303e+02
1.250000383914349271e+02
1.250000382713603244e+02
1.250000381518478179e+02
1.250000380328951479e+02
1.250000379144973266e+02
1.250000377966517959e+02
1.250000376793534542e+02
1.250000375626018183e+02
1.250000374463912607e+02
1.250000373307194934e+02
1.250000372155828643e+02
1.250000371009778206e+02
1.250000369869014918e+02
1.250000368733505809e+02
1.250000367603210520e+02
1.250000366478112710e+02
1.250000365358176850e+02
1.250000364243355477e+02
1.250000363133635091e+02
1.250000362028986274e+02
1.250000360929359431e+02
1.250000359834728272e+02
1.250000358745077733e+02
1.250000357660372430e+02
1.250000356580575982e+02
1.250000355505663947e+02
1.250000354435596677e+02
1.250000353370367208e+02
1.250000352309926086e+02
1.250000351254254412e+02
1.250000350203312820e+02
1.250000349157082553e+02
1.250000348115537463e+02
1.250000347078649696e+02
1.250000346046376478e+02
1.250000345018707293e+02
1.250000343995614429e+02
1.250000342977058665e+02
1.250000341963018968e+02
1.250000340953474307e+02
1.250000339948391286e+02
1.250000338947746172e+02
1.250000337951507987e+02
1.250000336959665361e+02
1.250000335972178931e+02
1.250000334989027237e+02
1.250000334010187828e+02
1.250000333035625459e+02
1.250000332065331463e+02
1.250000331099264486e+02
1.250000330137397810e+02
1.250000329179735132e+02
1.250000328226221598e+02
1.250000327276854648e+02
1.250000326331585967e+02
1.250000325390425218e+02
1.250000324453313993e+02
1.250000323520249026e+02
1.250000322591210846e+02
1.250000321666162364e+02
1.250000320745093205e+02
