5.837022597200624219e+00
1.412362061739741437e+00
3.112051930690476809e+00
4.280797786516544079e+00
5.027851972345651177e+00
5.104216278961685838e+00
5.120155230255020840e+00
5.027317977759959255e+00
5.050603667523697382e+00
5.000746823890612092e+00
5.030666278819560411e+00
4.995243122863550767e+00
5.021947787900097104e+00
4.993958348397224078e+00
5.016924164866307656e+00
4.993882329659049546e+00
5.013629778404876447e+00
4.994200516679204505e+00
5.011299349201623343e+00
4.994636754865842576e+00
5.009566160384149924e+00
4.995088089586698921e+00
5.008230244258961683e+00
4.995515653959034630e+00
5.007172406273991960e+00
4.995906238840672309e+00
5.006316832811849693e+00
4.996257271984605453e+00
5.005612864635132553e+00
4.996570533822930038e+00
5.005025314453417806e+00
4.996849419784974877e+00
5.004528966417538527e+00
4.997097731179247049e+00
5.004105279045326427e+00
4.997319152407535547e+00
5.003740320367454864e+00
4.997517043659342129e+00
5.003423426803925267e+00
4.997694379187183955e+00
5.003146304907818198e+00
4.997853751193122029e+00
5.002902413703460560e+00
4.997997401137368456e+00
5.002686530190056047e+00
4.998127260255114557e+00
5.002494437548319794e+00
4.998244990797148013e+00
5.002322697433810639e+00
4.998352024294470120e+00
5.002168481057132077e+00
4.998449595484927954e+00
5.002029442107043700e+00
4.998538771667393021e+00
5.001903619933207423e+00
4.998620477748411339e+00
5.001789364932336390e+00
4.998695517451237968e+00
5.001685280441552806e+00
4.998764591204325924e+00
5.001590177048089281e+00
4.998828311202390573e+00
5.001503036346390374e+00
4.998887214087706532e+00
5.001422981950928381e+00
4.998941771637337439e+00
5.001349256138763799e+00
4.998992399782357765e+00
5.001281200893148871e+00
4.999039466238163421e+00
5.001218242418820736e+00
4.999083296971775781e+00
5.001159878415530891e+00
4.999124181700099534e+00
5.001105667557042445e+00
4.999162378575184640e+00
5.001055220747224972e+00
4.999198118188148854e+00
5.001008193815556169e+00
4.999231607000883315e+00
5.000964281385367194e+00
4.999263030294236465e+00
5.000923211703493187e+00
4.999292554709075631e+00
5.000884742261645144e+00
4.999320330440998106e+00
5.000848656073680232e+00
4.999346493142513559e+00
5.000814758496366252e+00
4.999371165574173936e+00
5.000782874506884745e+00
4.999394459043347005e+00
5.000752846360828840e+00
4.999416474659111209e+00
5.000724531572855902e+00
4.999437304431115336e+00
5.000697801168150214e+00
4.999457032232763609e+00
5.000672538164386616e+00
4.999475734648232361e+00
5.000648636250846657e+00
4.999493481718986665e+00
5.000625998634456337e+00
4.999510337601931198e+00
5.000604537029596841e+00
4.999526361153060705e+00
5.000584170771650072e+00
4.999541606443462349e+00
5.000564826036764998e+00
4.999556123219043968e+00
5.000546435153971458e+00
4.999569957308665380e+00
5.000528935996586100e+00
4.999583150988584634e+00
5.000512271443282586e+00
4.999595743308014484e+00
5.000496388899735578e+00
4.999607770380042560e+00
5.000481239872518024e+00
4.999619265642984089e+00
5.000466779589694433e+00
4.999630260094344081e+00
5.000452966661649512e+00
4.999640782502170921e+00
5.000439762777803665e+00
4.999650859594464869e+00
5.000427132434569266e+00
4.999660516230638230e+00
5.000415042690709910e+00
4.999669775555923401e+00
5.000403462948330713e+00
4.999678659141872927e+00
5.000392364754265628e+00
4.999687187112703768e+00
5.000381721621391051e+00
4.999695378260690326e+00
5.000371508867946346e+00
4.999703250150587586e+00
5.000361703470164620e+00
4.999710819214535640e+00
5.000352283930867614e+00
4.999718100838979495e+00
5.000343230158444285e+00
4.999725109443230231e+00
5.000334523358176853e+00
4.999731858552022068e+00
5.000326145932065813e+00
4.999738360860998654e+00
5.000318081388649638e+00
4.999744628297232651e+00
5.000310314260127953e+00
4.999750672074366520e+00
5.000302830026831735e+00
4.999756502743502473e+00
5.000295615047895659e+00
4.999762130239319369e+00
5.000288656498342199e+00
4.999767563923031233e+00
5.000281942310486727e+00
4.999772812621875673e+00
5.000275461121270304e+00
4.999777884665056682e+00
5.000269202222947129e+00
4.999782787917160576e+00
5.000263155518313241e+00
4.999787529809133879e+00
5.000257311478958577e+00
4.999792117366445687e+00
5.000251661107569134e+00
4.999796557235621108e+00
5.000246195902396273e+00
4.999800855708388170e+00
5.000240907824684555e+00
4.999805018744430285e+00
5.000235789268903552e+00
4.999809051991630504e+00
5.000230833034855493e+00
4.999812960806349516e+00
5.000226032301825718e+00
4.999816750270749566e+00
5.000221380604836341e+00
4.999820425209228425e+00
5.000216871812736663e+00
4.999823990204876445e+00
5.000212500107188873e+00
4.999827449612954666e+00
5.000208259964302293e+00
4.999830807575034619e+00
5.000204146136409733e+00
4.999834068030838630e+00
5.000200153635706357e+00
4.999837234730479807e+00
5.000196277719031634e+00
4.999840311245167257e+00
5.000192513873377820e+00
4.999843300977151017e+00
5.000188857802943865e+00
4.999846207169459156e+00
5.000185305416104065e+00
4.999849032914874591e+00
5.000181852814465699e+00
4.999851781163886066e+00
5.000178496281563412e+00
4.999854454732691522e+00
5.000175232272932035e+00
4.999857056310640147e+00
5.000172057406444104e+00
4.999859588466628146e+00
5.000168968453698959e+00
4.999862053655849792e+00
5.000165962331621472e+00
4.999864454225710020e+00
5.000163036094243729e+00
4.999866792421324035e+00
5.000160186926315475e+00
4.999869070391218528e+00
5.000157412135520119e+00
4.999871290191626017e+00
5.000154709146353404e+00
4.999873453791908062e+00
5.000152075494394666e+00
4.999875563078536977e+00
5.000149508820252997e+00
4.999877619859293354e+00
5.000147006864255061e+00
4.999879625867250432e+00
5.000144567461541456e+00
4.999881582764203358e+00
5.000142188537287424e+00
4.999883492144872932e+00
5.000139868102081664e+00
4.999885355539230858e+00
5.000137604248069856e+00
4.999887174416049795e+00
5.000135395144511108e+00
4.999888950186028858e+00
5.000133239034457944e+00
4.999890684204176594e+00
5.000131134231223129e+00
4.999892377772656715e+00
5.000129079114415731e+00
4.999894032143064493e+00
5.000127072127753536e+00
4.999895648518964286e+00
5.000125111775268749e+00
4.999897228057897713e+00
5.000123196618953436e+00
4.999898771873675152e+00
5.000121325275669548e+00
4.999900281038139660e+00
5.000119496415353026e+00
4.999901756583265744e+00
5.000117708757795043e+00
4.999903199502763407e+00
5.000115961071037063e+00
4.999904610753732825e+00
5.000114252168616602e+00
4.999905991258760452e+00
5.000112580908147031e+00
4.999907341906446590e+00
5.000110946188916827e+00
4.999908663553807919e+00
5.000109346950425859e+00
4.999909957027241170e+00
5.000107782170256421e+00
4.999911223123849169e+00
5.000106250862872415e+00
4.999912462612577713e+00
5.000104752077554338e+00
4.999913676235739679e+00
5.000103284897392086e+00
4.999914864709772644e+00
5.000101848437350505e+00
4.999916028726258510e+00
5.000100441843463805e+00
4.999917168953560420e+00
5.000099064291345208e+00
4.999918286036683313e+00
5.000097714984751640e+00
4.999919380599620489e+00
5.000096393154701779e+00
4.999920453244871332e+00
5.000095098058147336e+00
4.999921504555160823e+00
5.000093828977234978e+00
4.999922535093903164e+00
5.000092585217837282e+00
4.999923545405951408e+00
5.000091366109099766e+00
4.999924536018383492e+00
5.000090171002328887e+00
4.999925507441207451e+00
5.000088999269745038e+00
4.999926460168011566e+00
5.000087850304267612e+00
4.999927394676602965e+00
5.000086723518411880e+00
4.999928311429520100e+00
5.000085618343590887e+00
4.999929210874843655e+00
5.000084534229223721e+00
4.999930093446437240e+00
5.000083470642147532e+00
4.999930959564654387e+00
5.000082427066192992e+00
4.999931809636866120e+00
5.000081403001344960e+00
4.999932644057859754e+00
5.000080397962941348e+00
4.999933463210340712e+00
5.000079411481471503e+00
4.999934267465520499e+00
5.000078443101831915e+00
4.999935057182961273e+00
5.000077492382559718e+00
4.999935832711827288e+00
5.000076558896182632e+00
4.999936594390829825e+00
5.000075642227373329e+00
4.999937342548378183e+00
5.000074741973747017e+00
4.999938077503271572e+00
5.000073857744912864e+00
4.999938799565177838e+00
5.000072989161782999e+00
4.999939509034486029e+00
5.000072135856582278e+00
4.999940206202748705e+00
5.000071297472214127e+00
4.999940891353419126e+00
5.000070473662077575e+00
4.999941564761650525e+00
5.000069664089728860e+00
4.999942226694955139e+00
5.000068868428003910e+00
4.999942877412947517e+00
5.000068086359301667e+00
4.999943517168115470e+00
5.000067317575209280e+00
4.999944146205984374e+00
5.000066561775873275e+00
4.999944764764872929e+00
5.000065818669727769e+00
4.999945373076894128e+00
5.000065087973644573e+00
4.999945971367403708e+00
5.000064369412094756e+00
4.999946559855918515e+00
5.000063662717521673e+00
4.999947138755793219e+00
5.000062967629247623e+00
4.999947708274599556e+00
5.000062283894060933e+00
4.999948268614396341e+00
5.000061611265577355e+00
4.999948819971636205e+00
5.000060949503946972e+00
4.999949362537818409e+00
5.000060298376002521e+00
4.999949896499166435e+00
5.000059657654393419e+00
4.999950422036905096e+00
5.000059027118288313e+00
4.999950939327836963e+00
5.000058406552488677e+00
4.999951448543790811e+00
5.000057795747398615e+00
4.999951949852229127e+00
5.000057194499070157e+00
4.999952443416693981e+00
5.000056602608617062e+00
4.999952929395743872e+00
5.000056019882541669e+00
4.999953407944625283e+00
5.000055446132216197e+00
4.999953879214102948e+00
5.000054881173951138e+00
4.999954343351395991e+00
5.000054324828565377e+00
4.999954800500118424e+00
5.000053776921649096e+00
4.999955250799976270e+00
5.000053237282868324e+00
4.999955694387498539e+00
5.000052705746643511e+00
4.999956131395419945e+00
5.000052182151168090e+00
4.999956561953665890e+00
5.000051666338472423e+00
4.999956986188705876e+00
5.000051158155245368e+00
4.999957404224081969e+00
5.000050657451126312e+00
4.999957816180087278e+00
5.000050164079940629e+00
4.999958222174290867e+00
5.000049677898788403e+00
4.999958622321447166e+00
5.000049198768623526e+00
4.999959016733432016e+00
5.000048726553276701e+00
4.999959405519412314e+00
5.000048261120096704e+00
4.999959788786294546e+00
5.000047802339651959e+00
4.999960166638111048e+00
5.000047350085636388e+00
4.999960539176614205e+00
5.000046904234474177e+00
4.999960906501122793e+00
5.000046464665500956e+00
4.999961268708605466e+00
5.000046031261322632e+00
4.999961625893803330e+00
5.000045603906842828e+00
4.999961978149372044e+00
5.000045182489790463e+00
4.999962325565814325e+00
5.000044766900558102e+00
4.999962668231417773e+00
5.000044357031820041e+00
4.999963006232647444e+00
5.000043952779108736e+00
4.999963339653886507e+00
5.000043554039951488e+00
4.999963668577565912e+00
5.000043160714380264e+00
4.999963993084477032e+00
5.000042772704772709e+00
4.999964313253308923e+00
5.000042389915542174e+00
4.999964629161436136e+00
5.000042012253286039e+00
4.999964940884013664e+00
5.000041639626489953e+00
4.999965248494847359e+00
5.000041271946227717e+00
4.999965552066112373e+00
5.000040909125023525e+00
4.999965851668297212e+00
5.000040551077485240e+00
4.999966147370382252e+00
5.000040197720116986e+00
4.999966439239996951e+00
5.000039848971169043e+00
4.999966727342997075e+00
5.000039504750821706e+00
4.999967011744120171e+00
5.000039164980690565e+00
4.999967292506725336e+00
5.000038829584426026e+00
4.999967569692520541e+00
5.000038498487199945e+00
4.999967843362317588e+00
5.000038171615531546e+00
4.999968113575283368e+00
5.000037848897908255e+00
4.999968380389515410e+00
5.000037530263962360e+00
4.999968643861797624e+00
5.000037215645123823e+00
4.999968904047949358e+00
5.000036904973951479e+00
4.999969161002382201e+00
5.000036598184669501e+00
4.999969414778516530e+00
5.000036295212757942e+00
4.999969665428468879e+00
5.000035995995038007e+00
4.999969913003733168e+00
5.000035700469562805e+00
4.999970157554333383e+00
5.000035408575847384e+00
4.999970399129406218e+00
5.000035120254465504e+00
4.999970637777030547e+00
5.000034835447325854e+00
4.999970873544557826e+00
5.000034554097462447e+00
4.999971106478080074e+00
5.000034276148943135e+00
4.999971336623072027e+00
5.000034001547195572e+00
4.999971564023763193e+00
5.000033730238611085e+00
4.999971788723685862e+00
5.000033462170621057e+00
4.999972010765712405e+00
5.000033197291809728e+00
4.999972230191424671e+00
5.000032935551550928e+00
4.999972447041821866e+00
5.000032676900521444e+00
4.999972661357251269e+00
5.000032421290153017e+00
4.999972873177099153e+00
5.000032168672943200e+00
4.999973082539983515e+00
5.000031919002372760e+00
4.999973289483855332e+00
5.000031672232475799e+00
4.999973494045787170e+00
5.000031428318632898e+00
4.999973696262378198e+00
5.000031187216776196e+00
4.999973896169310095e+00
5.000030948883797954e+00
4.999974093801710318e+00
5.000030713277404004e+00
4.999974289193992227e+00
5.000030480356182139e+00
4.999974482380042495e+00
5.000030250079229965e+00
4.999974673392754809e+00
5.000030022406807717e+00
4.999974862264914499e+00
5.000029797299714751e+00
4.999975049028153151e+00
5.000029574719383696e+00
4.999975233714089917e+00
5.000029354628171774e+00
4.999975416353290569e+00
5.000029136988947798e+00
4.999975596976011794e+00
5.000028921765507839e+00
4.999975775611805062e+00
5.000028708922072518e+00
4.999975952289715586e+00
5.000028498423661816e+00
4.999976127038454621e+00
5.000028290235960959e+00
4.999976299885902087e+00
5.000028084325219169e+00
4.999976470859523126e+00
5.000027880658232782e+00
4.999976639986514648e+00
5.000027679202428743e+00
4.999976807293329273e+00
5.000027479926019147e+00
4.999976972806114084e+00
5.000027282797579353e+00
4.999977136550135981e+00
5.000027087786260260e+00
4.999977298550996707e+00
5.000026894861897553e+00
4.999977458833105182e+00
5.000026703994708832e+00
4.999977617420744203e+00
5.000026515155593820e+00
4.999977774337917680e+00
5.000026328315689383e+00
4.999977929607823945e+00
5.000026143446997473e+00
4.999978083253575178e+00
5.000025960521866430e+00
4.999978235297799500e+00
5.000025779513064705e+00
4.999978385762651634e+00
5.000025600393881220e+00
4.999978534669939911e+00
5.000025423138001024e+00
4.999978682041250622e+00
5.000025247719794841e+00
4.999978827897445299e+00
5.000025074113705337e+00
4.999978972259452092e+00
5.000024902295022500e+00
4.999979115147469066e+00
5.000024732239119807e+00
4.999979256581656983e+00
5.000024563922072396e+00
4.999979396581703206e+00
5.000024397320126823e+00
4.999979535166869660e+00
5.000024232410037683e+00
4.999979672356195337e+00
5.000024069168882868e+00
4.999979808168498074e+00
5.000023907574410842e+00
4.999979942622037044e+00
5.000023747604310564e+00
4.999980075734871576e+00
5.000023589236862520e+00
4.999980207524860276e+00
5.000023432450770855e+00
4.999980338009579306e+00
5.000023277225086993e+00
4.999980467206255774e+00
5.000023123539074632e+00
4.999980595131574113e+00
5.000022971372292346e+00
4.999980721802320005e+00
5.000022820704971949e+00
4.999980847234855474e+00
5.000022671517284856e+00
4.999980971445282307e+00
5.000022523789976248e+00
4.999981094449493568e+00
5.000022377504009796e+00
4.999981216263001293e+00
5.000022232640630726e+00
4.999981336901125673e+00
5.000022089181596741e+00
4.999981456379075873e+00
5.000021947108597153e+00
4.999981574711638288e+00
5.000021806403860403e+00
4.999981691913395032e+00
5.000021667049907137e+00
4.999981807998814531e+00
5.000021529029464951e+00
4.999981922981998395e+00
5.000021392325539438e+00
4.999982036876821745e+00
5.000021256921409751e+00
4.999982149696923450e+00
5.000021122800557549e+00
4.999982261456077381e+00
5.000020989946932559e+00
4.999982372167371736e+00
5.000020858344564445e+00
4.999982481843778359e+00
5.000020727977794621e+00
4.999982590498444956e+00
5.000020598831014240e+00
4.999982698143823789e+00
5.000020470889228186e+00
4.999982804792471924e+00
5.000020344137379169e+00
4.999982910456664875e+00
5.000020218560827345e+00
4.999983015148424137e+00
5.000020094144987937e+00
4.999983118879803179e+00
5.000019970875637654e+00
4.999983221662407828e+00
5.000019848738580741e+00
4.999983323507882993e+00
5.000019727720126816e+00
4.999983424427522749e+00
5.000019607806583721e+00
4.999983524432481730e+00
5.000019488984497329e+00
4.999983623533895027e+00
5.000019371240813193e+00
4.999983721742612630e+00
5.000019254562322324e+00
4.999983819069348634e+00
5.000019138936176333e+00
4.999983915524631506e+00
5.000019024349866115e+00
4.999984011118754346e+00
5.000018910790860360e+00
4.999984105862067985e+00
5.000018798247052310e+00
4.999984199764605286e+00
5.000018686706158455e+00
4.999984292836274768e+00
5.000018576156375794e+00
4.999984385087001826e+00
5.000018466586059418e+00
4.999984476526188715e+00
5.000018357983539552e+00
4.999984567163504146e+00
5.000018250337490144e+00
4.999984657008263333e+00
5.000018143636731693e+00
4.999984746069633168e+00
5.000018037870114895e+00
4.999984834356852481e+00
5.000017933026788874e+00
4.999984921878759536e+00
5.000017829096125688e+00
4.999985008644205919e+00
5.000017726067524038e+00
4.999985094661900220e+00
5.000017623930516741e+00
4.999985179940435565e+00
5.000017522674798265e+00
4.999985264488163494e+00
5.000017422290301994e+00
4.999985348313622957e+00
5.000017322767031480e+00
4.999985431424850191e+00
5.000017224095181234e+00
4.999985513829978245e+00
5.000017126264941325e+00
4.999985595537072669e+00
5.000017029267009860e+00
4.999985676553973413e+00
5.000016933091753657e+00
4.999985756888300159e+00
5.000016837729911678e+00
4.999985836547893747e+00
5.000016743172247757e+00
4.999985915540228198e+00
5.000016649409906755e+00
4.999985993872790857e+00
5.000016556434016657e+00
4.999986071552871003e+00
5.000016464235687685e+00
