1.863343711085669804e-02
7.184696105388406473e-02
8.073528913385176475e-02
6.500397032362256744e-02
7.190469192936046160e-03
1.526147264613176907e-03
-8.817429051056417666e-03
2.205699740858455948e-03
-4.692487163466744875e-03
2.814057953590725497e-03
-3.326819795356348881e-03
2.507235532461584825e-03
-2.626371930383353433e-03
2.154598121808840548e-03
-2.161134086638473190e-03
1.851934758996672979e-03
-1.821816257875279914e-03
1.603174015065282317e-03
-1.562127010015136683e-03
1.399562234747602461e-03
-1.357168389954675715e-03
1.231891212075867000e-03
-1.191761590943869525e-03
1.092577057173664415e-03
-1.055933806502675192e-03
9.757238890020851181e-04
-9.427996903552118228e-04
8.768094132700966249e-04
-8.474327340635548012e-04
7.923601133105721709e-04
-7.662100215754785162e-04
7.196892527547593156e-04
-6.964078546916303110e-04
6.566996197299538327e-04
-6.359405939926784891e-04
6.017381611126809129e-04
-5.831859359161995285e-04
5.534892477725227673e-04
-5.368646435518719100e-04
5.108960013154591846e-04
-4.959557831236168076e-04
4.731018779090122740e-04
-4.596357725158334881e-04
4.394069134402445458e-04
-4.272337809269578725e-04
4.092346413788352610e-04
-3.981985904568556079e-04
3.821068465111352808e-04
-3.720736364625789293e-04
3.576241207800592565e-04
-3.484779735855769896e-04
3.354507574362770514e-04
-3.270916011437521300e-04
3.153029129906557309e-04
-3.076440308261913013e-04
2.969392602142921955e-04
-2.899052994383455621e-04
2.801535482174948369e-04
-2.736788427818710560e-04
2.647686399643156682e-04
-2.587957972308968903e-04
2.506317013223526425e-04
-2.451104129264565262e-04
2.376102947431747150e-04
-2.324963333286682201e-04
2.255891857207604915e-04
-2.208435602576735871e-04
2.144677211152204118e-04
-2.100559609124598524e-04
2.041576615582725498e-04
-2.000492098334484092e-04
1.945813820596300125e-04
-1.907490803566439593e-04
1.856703703903102493e-04
-1.820900194850474322e-04
1.773639681691984739e-04
-1.740139523202552494e-04
1.696083109475117912e-04
-1.664692764766886922e-04
1.623554315477362259e-04
-1.594100107399614309e-04
1.555624994815782349e-04
-1.527950714548233983e-04
1.491911716298256285e-04
-1.465876572590287213e-04
1.432070385309217660e-04
-1.407547222681580844e-04
1.375791473228705423e-04
-1.352665217808660342e-04
1.322795922793461039e-04
-1.300962239370622895e-04
1.272831603643562691e-04
-1.252195715063272429e-04
1.225670242321602989e-04
-1.206145899427786094e-04
1.181104751878576015e-04
-1.162613337761720831e-04
1.138946912491345560e-04
-1.121416638710818011e-04
1.099025335625185550e-04
-1.082390549397812721e-04
1.061183683163646334e-04
-1.045384244687519031e-04
1.025279101851141162e-04
-1.010259844345158954e-04
9.911808512939907650e-05
-9.768910888895134209e-05
9.587690843283561690e-05
-9.451621878020758803e-05
9.279337720083357386e-05
-9.149667823760735893e-05
8.985737512766751249e-05
-8.862070430184418302e-05
8.705958821250188049e-05
-8.587928496743964203e-05
8.439142857200261953e-05
-8.326410809895770366e-05
8.184496827081320350e-05
-8.076749633734632572e-05
7.941287849272929053e-05
-7.838234932695688337e-05
7.708837608386132339e-05
-7.610209310752743628e-05
7.486517553498899208e-05
-7.392063325321963419e-05
7.273744510193297722e-05
-7.183231366492188910e-05
7.069976890665645301e-05
-6.983187858803442715e-05
6.874711074421345264e-05
-6.791443970595334337e-05
6.687478292213991729e-05
-6.607544490312625542e-05
6.507841831691317535e-05
-6.431065139268786251e-05
6.335394247740682892e-05
-6.261610068497580357e-05
6.169755251500631051e-05
-6.098809528160676176e-05
6.010569409715747064e-05
-5.942317945015876309e-05
5.857504288980308545e-05
-5.791811907073859690e-05
5.710248658434176474e-05
-5.646988600310275748e-05
5.568510880137454602e-05
-5.507564141464834072e-05
5.432017454141714879e-05
-5.373272238318626182e-05
5.300511712665570999e-05
-5.243862900700694353e-05
5.173752495438320220e-05
-5.119101197239973411e-05
5.051513113444261270e-05
-4.998766203488709688e-05
4.933580305266451512e-05
-4.882650049977675823e-05
4.819753302889391084e-05
-4.770556948251331584e-05
4.709842872537081947e-05
-4.662302341730307386e-05
4.603670658718535908e-05
-4.557712245925770096e-05
4.501068344452019312e-05
-4.456622396911714414e-05
4.401877014125179437e-05
-4.358877675480035582e-05
4.305946539216170686e-05
-4.264331496651478843e-05
4.213134968763149234e-05
-4.172845267118522185e-05
4.123308028165982927e-05
-4.084287798594123993e-05
4.036338596724337469e-05
-3.998534903565750418e-05
3.952106296986070653e-05
-3.915468921910500379e-05
3.870497016933312207e-05
-3.834978351262874780e-05
3.791402553113444726e-05
-3.756957356986758491e-05
3.714720265211676238e-05
-3.681305591286932019e-05
3.640352684259111577e-05
-3.607927685309457217e-05
3.568207250459590240e-05
-3.536733096479731153e-05
3.498195954747872834e-05
-3.467635744645412036e-05
3.430235152889757534e-05
-3.400553726025533807e-05
3.364245273054787576e-05
-3.335409167847197629e-05
3.300150566584570099e-05
-3.272127886713974192e-05
3.237878876892209259e-05
-3.210639241876415756e-05
3.177361517879444318e-05
-3.150875912758431747e-05
3.118532945800128595e-05
-3.092773720421186434e-05
3.061330703624476303e-05
-3.036271456630391580e-05
3.005695179817787884e-05
-2.981310724480897795e-05
2.951569508900961597e-05
-2.927835744284866889e-05
2.898899339067083711e-05
-2.875793256131018626e-05
2.847632786898145906e-05
-2.825132405247879770e-05
2.797720264113839008e-05
-2.775804490625832565e-05
2.749114343699422748e-05
-2.727763080717107862e-05
2.701769652040415053e-05
-2.680963619231124811e-05
2.655642824392739481e-05
-2.635363552542695161e-05
2.610692293791674244e-05
-2.590922084196732491e-05
2.566878264210918352e-05
-2.547600201013443767e-05
2.524162631601329507e-05
-2.505360488723732654e-05
2.482508890457675840e-05
-2.464167050384127159e-05
2.441882008427134732e-05
-2.423985545228156516e-05
2.402248405004174297e-05
-2.384782984228918151e-05
2.363575848950228166e-05
-2.346527719093122557e-05
2.325833468249510343e-05
-2.309189363629651588e-05
2.288991562172666599e-05
-2.272738784024696962e-05
2.253021606827157754e-05
-2.237147977097308512e-05
2.217896250535517574e-05
-2.202390005174034791e-05
2.183589149309734438e-05
-2.168439046648749647e-05
2.150075036126682541e-05
-2.135270197262852183e-05
2.117329567070872344e-05
-2.102859583412997600e-05
2.085329389194433148e-05
-2.071184179887362116e-05
2.054051946919299593e-05
-2.040221844327348849e-05
2.023475596862727295e-05
-2.009951281662489720e-05
1.993579464449096766e-05
-1.980351991367071618e-05
1.964343506354552444e-05
-1.951404208331938663e-05
1.935748327789561533e-05
-1.923088892976248545e-05
1.907775321587141555e-05
-1.895387707269529352e-05
1.880406511250855324e-05
-1.868282962784628849e-05
1.853624559642858374e-05
-1.841757611480939591e-05
1.827412775668166287e-05
-1.815795221002970344e-05
1.801755044980662293e-05
-1.790379927813954839e-05
1.776635797794342295e-05
-1.765496438126279178e-05
1.752040072416198116e-05
-1.741129942160611049e-05
1.727953363910489831e-05
-1.717266206570603824e-05
1.704361668682910754e-05
-1.693891445402641373e-05
1.681251532093268583e-05
-1.670992379398478857e-05
1.658609835349611033e-05
-1.648556128169903154e-05
1.636424024693272435e-05
-1.626570268379995534e-05
1.614681875885351254e-05
-1.605022809529381967e-05
1.593371627709040306e-05
-1.583902142617265316e-05
1.572481888796679176e-05
-1.563197051700363218e-05
1.552001623144886030e-05
-1.542896654715734218e-05
1.531920192399914153e-05
-1.522990456433769563e-05
1.512227271939542195e-05
-1.503468290899795523e-05
1.492912888938559651e-05
-1.484320324278931627e-05
1.473967366001967006e-05
-1.465537026109218844e-05
1.455381345830804196e-05
-1.447109193992800582e-05
1.437145788965634337e-05
-1.429027831929160128e-05
1.419251899202783131e-05
-1.411284334492788172e-05
1.401691172951441506e-05
-1.393870312132000804e-05
1.384455402045834821e-05
-1.376777651004205968e-05
1.367536559660229008e-05
-1.359998442488840591e-05
1.350926907044950028e-05
-1.343525075740346797e-05
1.334618992359006622e-05
-1.327350102766116901e-05
1.318605471455753625e-05
-1.311466420023079248e-05
1.302879306018920462e-05
-1.295866998894031424e-05
1.287433671983333688e-05
-1.280545073331482134e-05
1.272261872909177308e-05
-1.265494136448973102e-05
1.257357479326088332e-05
-1.250707795364017822e-05
1.242714233679269519e-05
-1.236179849328027250e-05
1.228326079944552534e-05
-1.221904308237903330e-05
1.214187087908670789e-05
-1.207875371400919444e-05
1.200291530862540502e-05
-1.194087379073233145e-05
1.186633832793855741e-05
-1.180534799501216340e-05
1.173208590339827159e-05
-1.167212292863213537e-05
1.160010552906775433e-05
-1.154114711014784317e-05
1.147034582379783134e-05
-1.141236976341724409e-05
1.134275758681546587e-05
-1.128574201077166812e-05
1.121729221534450310e-05
-1.116121580887542436e-05
1.109390294812693709e-05
-1.103874531175155160e-05
1.097254413062396531e-05
-1.091828517768726734e-05
1.085317110569162974e-05
-1.079979140072178352e-05
1.073574108911108313e-05
-1.068322165981277762e-05
1.062021165546110357e-05
-1.056853427997981389e-05
1.050654226390225082e-05
-1.045568873254114299e-05
1.039469276308169112e-05
-1.034464597538127032e-05
1.028462475812986030e-05
-1.023536728377406221e-05
1.017630055050789786e-05
-1.012781611771346830e-05
1.006968307757039775e-05
-1.002195557395843263e-05
9.964737058937525745e-06
-9.917750480242509007e-06
9.861427267809470484e-06
-9.815166689696290129e-06
9.759719860721517449e-06
-9.714170175792823697e-06
9.659581956816599052e-06
-9.614728889021672723e-06
9.560981436690019742e-06
-9.516810562935322656e-06
9.463886765261547986e-06
-9.420384343661837774e-06
9.368267371238466943e-06
-9.325419856385115105e-06
9.274093377698822377e-06
-9.231887951928494318e-06
9.181336016419281175e-06
-9.139759788284339184e-06
9.089966771291504755e-06
-9.049007208969884051e-06
8.999958074178463462e-06
-8.959603135153948862e-06
8.911283130489249749e-06
-8.871520589551522355e-06
8.823915439572779047e-06
-8.784734073283796880e-06
8.737829253414968782e-06
-8.699217715912663246e-06
8.653000008037460054e-06
-8.614947290183768572e-06
8.569403117032840992e-06
-8.531898375305206440e-06
8.487014676923324035e-06
-8.450047619764199515e-06
8.405811503630100147e-06
-8.369371777034773535e-06
8.325771124437684629e-06
-8.289848466158137737e-06
8.246871167174518321e-06
-8.211456153833823196e-06
8.169090233550712759e-06
-8.134173331040437258e-06
8.092406851585153427e-06
-8.057978900497441151e-06
8.016800899420977101e-06
-7.982852343850261698e-06
7.942252002343440858e-06
-7.908774114453301010e-06
7.868740486707392207e-06
-7.835724697103576368e-06
7.796247366453222847e-06
-7.763685020729637747e-06
7.724753570699873740e-06
-7.692636656463615682e-06
7.654241243278485081e-06
-7.622561172956086588e-06
7.584691836487212524e-06
-7.553441277133231598e-06
7.516088195966286268e-06
-7.485259156002161418e-06
7.448413486976253458e-06
-7.417998427388456374e-06
7.381650578419237329e-06
-7.351642024467197144e-06
7.315783431471228191e-06
-7.286174272564666534e-06
7.250795608908708222e-06
-7.221578997651682127e-06
7.186672092822293798e-06
-7.157840620582138497e-06
7.123397354960185317e-06
-7.094944462345775964e-06
7.060956240432399630e-06
-7.032875518179766182e-06
6.999334506027107247e-06
-6.971619136330093236e-06
6.938517439369362252e-06
-6.911161485054190568e-06
6.878491492853539357e-06
-6.851488527571726864e-06
6.819242719747916042e-06
-6.792586682612071678e-06
6.760757872940117839e-06
-6.734442766263438019e-06
6.703023760494757694e-06
-6.677043716198654167e-06
6.646027642340227391e-06
-6.620377340408113741e-06
6.589756868481885324e-06
-6.564430461180621786e-06
6.534199094096347822e-06
-6.509191369172019479e-06
6.479342596939058726e-06
-6.454648049994109334e-06
6.425175414296827324e-06
-6.400788912428376955e-06
6.371686004493704130e-06
-6.347602467730704577e-06
6.318863086157289679e-06
-6.295077613342492779e-06
6.266695719970729299e-06
-6.243203141700317589e-06
6.215173115489049934e-06
-6.191968748461814111e-06
6.164284530967369225e-06
-6.141363695025775523e-06
6.114019671435773175e-06
-6.091377771972103049e-06
6.064368354185832350e-06
-6.042000712472971300e-06
6.015320673269661998e-06
-5.993222874195062613e-06
5.966866619804167711e-06
-5.945034567069817929e-06
5.918997098455348664e-06
-5.897426351099950781e-06
5.871702258904838262e-06
-5.850388688462531206e-06
5.824973156023162705e-06
-5.803912784194434113e-06
5.778800803774032364e-06
-5.757989555772687263e-06
5.733176096578724372e-06
-5.712610334173569497e-06
5.688090788461433746e-06
-5.667766334014668312e-06
5.643536399765874330e-06
-5.623449425798383032e-06
5.599504462690329112e-06
-5.579651144523345168e-06
5.555986520425047968e-06
-5.536363716735849853e-06
5.512975073277323760e-06
-5.493579101054610447e-06
5.470462135413019982e-06
-5.451289286876238752e-06
5.428439928922224465e-06
-5.409486919259922359e-06
5.386901045870297046e-06
-5.368164472238461365e-06
5.345837825324273874e-06
-5.327314316088800878e-06
5.305243380053670406e-06
-5.286929860794494507e-06
5.265110328485962264e-06
-5.247003846126116101e-06
5.225431953114036208e-06
-5.207528912151175438e-06
5.186201123350891388e-06
-5.168498763268226117e-06
5.147411206422345279e-06
-5.129906512504624658e-06
5.109055738850072189e-06
-5.091745723440717006e-06
5.071128071897934021e-06
-5.054009943375535851e-06
5.033621976767650355e-06
-5.016692751486177680e-06
4.996531100448476934e-06
-4.979788257091683927e-06
4.959849520025984846e-06
-4.943290073048688780e-06
4.923571155796154473e-06
-4.907192529660592213e-06
4.887689929382258360e-06
-4.871489504884271807e-06
4.852200221659007468e-06
-4.836175614019234652e-06
4.817096404887819371e-06
-4.801244789288246615e-06
4.782372836576490074e-06
-4.766691754839807736e-06
4.748023942880245884e-06
-4.732511124463049319e-06
4.714044487058786001e-06
-4.698697269593716469e-06
4.680429175510919859e-06
-4.665245315203945186e-06
4.647172543013959297e-06
-4.632149846081768174e-06
4.614269844970202021e-06
-4.599405920139309649e-06
4.581715952718571039e-06
-4.567008676909882142e-06
4.549505852854130098e-06
-4.534952960874942925e-06
4.517634947000338376e-06
-4.503234128259439902e-06
4.486098181203439727e-06
-4.471847599926427552e-06
4.454891121623952196e-06
-4.440788658775840726e-06
4.424009131893461892e-06
-4.410052634793455836e-06
4.393447609207240539e-06
-4.379635027682231326e-06
4.363202120836515407e-06
-4.349531731338244440e-06
4.333268660681303228e-06
-4.319738006388843524e-06
4.303642410864717377e-06
-4.290250066340831818e-06
4.274319796483478905e-06
-4.261063451598085132e-06
4.245296033819600243e-06
-4.232174072186624942e-06
4.216567297124220617e-06
-4.203578189079108907e-06
4.188129865039220162e-06
-4.175271516119696004e-06
4.159979625065969548e-06
-4.147250214689775469e-06
4.132112477509382797e-06
-4.119510621653185642e-06
4.104524903628119467e-06
-4.092048772489732696e-06
4.077213312440953192e-06
-4.064860878787893530e-06
4.050173758308522946e-06
-4.037943699031048135e-06
4.023402644615006216e-06
-4.011293492056269811e-06
3.996896424368616412e-06
-3.984906649028060124e-06
3.970651802300715564e-06
-3.958779528018563116e-06
3.944665157724283718e-06
-3.932908958542977510e-06
3.918933338577206677e-06
-3.907291606208289735e-06
3.893452813269269980e-06
-3.881924122614417469e-06
3.868220256204929749e-06
-3.856803233263810364e-06
3.843232809939090827e-06
-3.831925601360064084e-06
3.818486757236679724e-06
-3.807288462958159250e-06
3.793979438518240766e-06
-3.782888492786863959e-06
3.769707709985377567e-06
-3.758722642274172580e-06
3.745668377592105191e-06
-3.734787972144985150e-06
3.721858589779593369e-06
-3.711081635760425003e-06
3.698275489996791067e-06
-3.687600724479051916e-06
3.674916211239519531e-06
-3.664342028184283240e-06
3.651777964225398458e-06
-3.641303129243351715e-06
3.628857714824627890e-06
-3.618481131882383457e-06
3.606152842580669164e-06
-3.595873269546825066e-06
3.583660790552239598e-06
-3.573477112092521991e-06
3.561378867531602117e-06
-3.551289644543844608e-06
3.539304409865950099e-06
-3.529308550032454197e-06
3.517434705584655584e-06
-3.507531183961881316e-06
3.495767401753569919e-06
-3.485954998371480462e-06
3.474300069729758762e-06
-3.464577698972888523e-06
3.453029976363361163e-06
-3.443396708968684937e-06
3.431955104144026209e-06
-3.422409521450752568e-06
3.411072653724665538e-06
-3.401614012938349213e-06
3.390380716577162856e-06
-3.381007553962420099e-06
3.369876621832905624e-06
-3.360588120545088314e-06
3.349558125269824581e-06
-3.340353402028789356e-06
3.329423225415410067e-06
-3.320301251909611514e-06
3.309469591646746660e-06
-3.300429204870902592e-06
3.289694906918006659e-06
-3.280735346947168216e-06
3.270097452004122412e-06
-3.261217394844708264e-06
3.250674617631359509e-06
-3.241873457265156039e-06
3.231424520379258259e-06
-3.222701249276787765e-06
3.212345176904630459e-06
-3.203698838565955805e-06
3.193434525154223926e-06
-3.184864343335493369e-06
3.174690611666222119e-06
-3.166195509328320112e-06
3.156111474170133406e-06
-3.147690678144036062e-06
3.137695063437134252e-06
-3.129347761577368763e-06
3.119439851738302691e-06
-3.111164994861884642e-06
3.101343563469678085e-06
-3.093140302911038098e-06
3.083404386812655709e-06
-3.075272165040504851e-06
3.065620680407431718e-06
-3.057558606546095842e-06
3.047990533531498503e-06
-3.039997728448797788e-06
3.030512267785893859e-06
-3.022587975816897820e-06
3.013184095509363916e-06
-3.005327496461797758e-06
2.996004351894532855e-06
-2.988214752517673266e-06
2.978971259252327529e-06
-2.971247792446452609e-06
2.962083324110204968e-06
-2.954425047519053266e-06
2.945338554463181628e-06
-2.937745202214522229e-06
2.928735515211404801e-06
-2.921206278240317847e-06
2.912272931216371399e-06
-2.904806759926188360e-06
2.895948866318931308e-06
-2.888545061792962856e-06
2.879761807228783589e-06
-2.872419834302424189e-06
2.863710207829222036e-06
-2.856429565839915196e-06
2.847792455073966646e-06
-2.840572344646560588e-06
