2.625985646318403610e+02
4.733043543808528284e+02
5.065147268373461316e+02
5.161645361544469779e+02
5.232094920604220079e+02
5.025989385990391156e+02
5.031826391316182026e+02
5.123586806258090292e+02
5.025030928659312508e+02
5.021366633667500992e+02
5.081674789359151418e+02
5.014041965620213546e+02
5.013807378416917686e+02
5.068088993316156348e+02
5.011680165543268117e+02
4.997939828728013936e+02
5.054558917326914411e+02
5.021471512808544730e+02
4.988942224305122295e+02
5.031922181196461565e+02
5.029098956655710708e+02
4.994643843124197815e+02
5.009444912737016580e+02
5.024034142005926356e+02
5.007635021128782569e+02
4.998644117626839716e+02
5.008929551158556137e+02
5.015665148832502496e+02
5.001122582161153787e+02
4.994288611662745438e+02
5.013284868067374305e+02
5.009210809203617600e+02
4.988131840147822800e+02
5.004143139421640285e+02
5.014376014507266746e+02
4.990629642281613769e+02
4.995542402086622928e+02
5.013553617435951537e+02
4.996482313390972649e+02
4.992006533326917292e+02
5.009220143785033770e+02
5.000604073866306862e+02
4.993001106863898713e+02
5.005433304989192038e+02
5.001582301231593419e+02
4.995207810171957590e+02
5.004132876874780891e+02
5.001132732242485304e+02
4.996087490172264438e+02
5.004394644837767032e+02
5.001394221953188435e+02
4.995537216713946691e+02
5.004242027735654688e+02
5.002890759328547574e+02
4.995019820898359626e+02
5.002711880842485357e+02
5.004559683654754281e+02
4.995719083035011181e+02
5.000413553065752126e+02
5.005139841955601696e+02
4.997530912843901092e+02
4.998610209160685258e+02
5.004328234307700995e+02
4.999448351071136472e+02
4.998026953717684364e+02
5.002821902389580941e+02
5.000584645481191615e+02
4.998431529971931582e+02
5.001548664435179603e+02
5.000803742237383176e+02
4.999086981877821927e+02
5.000943138193036361e+02
5.000578798203850397e+02
4.999444980173631734e+02
5.000821764610155924e+02
5.000434929789982448e+02
4.999460915390130253e+02
5.000762750395878129e+02
5.000544179777886598e+02
4.999413636727126118e+02
5.000528708070685866e+02
5.000737267554451932e+02
4.999539776010443006e+02
5.000188501086162205e+02
5.000781705835827324e+02
4.999834769445008646e+02
4.999946440445253302e+02
5.000614549101551916e+02
5.000123462173051507e+02
4.999915602146507467e+02
5.000357566734280681e+02
5.000253640111926074e+02
5.000037994358065134e+02
5.000173241052257254e+02
5.000214973721493834e+02
5.000170119785530005e+02
5.000128591982754074e+02
5.000109711258490961e+02
5.000213235778826970e+02
5.000174134123060981e+02
5.000043951825917361e+02
5.000170137895288462e+02
5.000219098085626115e+02
5.000049965208467029e+02
5.000106512921084345e+02
5.000213400783251814e+02
5.000090379577135309e+02
5.000077580608015637e+02
5.000170240947758771e+02
5.000114140597210053e+02
5.000088567348027482e+02
5.000131508794276556e+02
5.000103184674150043e+02
5.000108554131348342e+02
5.000122543936514035e+02
5.000076237392177063e+02
5.000108676221237829e+02
5.000135800495241938e+02
5.000061219036300599e+02
5.000085956205268189e+02
5.000146918906382894e+02
5.000068907365247242e+02
5.000058280972053240e+02
5.000139661410587451e+02
5.000088782161929544e+02
5.000043858198035309e+02
5.000116720460254101e+02
5.000103397058720702e+02
5.000046612646013955e+02
5.000092132493826398e+02
5.000103939934811592e+02
5.000057351752529939e+02
5.000077101803042865e+02
5.000094224069769098e+02
5.000064810741772590e+02
5.000072521789691109e+02
5.000083628745624083e+02
5.000064722599435072e+02
5.000071913761726137e+02
5.000078095531189319e+02
5.000060441094846624e+02
5.000069067427480149e+02
5.000076873699139242e+02
5.000057421509547453e+02
5.000062819759583590e+02
5.000075654913400172e+02
5.000057961928501982e+02
5.000056156688249871e+02
5.000071472962669077e+02
5.000060293881418829e+02
5.000052251808306778e+02
5.000064867457634818e+02
5.000061307700455586e+02
5.000051634465964412e+02
5.000058469393068776e+02
5.000059531849803420e+02
5.000052406927939614e+02
5.000054301332020259e+02
5.000055880978829919e+02
5.000052367825041415e+02
5.000052372738178406e+02
5.000052273652093504e+02
5.000050741058814765e+02
5.000051287664221036e+02
5.000049889801917971e+02
5.000048260068231798e+02
5.000049748639919471e+02
5.000048558431615220e+02
5.000046064797098211e+02
5.000047486864549455e+02
5.000047391154897696e+02
5.000044661785572089e+02
5.000045077242928642e+02
5.000045754688848092e+02
5.000043741984839585e+02
5.000043154240220247e+02
5.000043703738121508e+02
5.000042712966395015e+02
5.000041849182351825e+02
5.000041711423244806e+02
5.000041283462591082e+02
5.000040824056312090e+02
5.000040145774812004e+02
5.000039614290313352e+02
5.000039678928587250e+02
5.000038996163007141e+02
5.000038054633520233e+02
5.000038284533893034e+02
5.000037989830024685e+02
5.000036807973396549e+02
5.000036796614207333e+02
5.000036881518249743e+02
5.000035817252236825e+02
5.000035441138721239e+02
5.000035630678600000e+02
5.000034891055617550e+02
5.000034313548384830e+02
5.000034361809556458e+02
5.000033893922389439e+02
5.000033345913697644e+02
5.000033209205074058e+02
5.000032830037478107e+02
5.000032413154696087e+02
5.000032206157589485e+02
5.000031789327350111e+02
5.000031448788017769e+02
5.000031291373516638e+02
5.000030843991649476e+02
5.000030475443246019e+02
5.000030388717354413e+02
5.000029993967074233e+02
5.000029554035406818e+02
5.000029472579533376e+02
5.000029188681668302e+02
5.000028718878465384e+02
5.000028571301703550e+02
5.000028382772977693e+02
5.000027955269426911e+02
5.000027725982404831e+02
5.000027570124528324e+02
5.000027223824209841e+02
5.000026951980423178e+02
5.000026775894336879e+02
5.000026497153567675e+02
5.000026233014203285e+02
5.000026026268021155e+02
5.000025775712081781e+02
5.000025542158191456e+02
5.000025327058619382e+02
5.000025076898776319e+02
5.000024864489313359e+02
5.000024665221773716e+02
5.000024414633840593e+02
5.000024202975375829e+02
5.000024024637339153e+02
5.000023788608539803e+02
5.000023568446904392e+02
5.000023399018193686e+02
5.000023188495899831e+02
5.000022966826729203e+02
5.000022792678008727e+02
5.000022604827693158e+02
5.000022394657161726e+02
5.000022212556090153e+02
5.000022035662812527e+02
5.000021843759769240e+02
5.000021660738569267e+02
5.000021485079620902e+02
5.000021308317012654e+02
5.000021133308090384e+02
5.000020957332977218e+02
5.000020787915098026e+02
5.000020624412838970e+02
5.000020452735557797e+02
5.000020285396974487e+02
5.000020130640804723e+02
5.000019967991516410e+02
5.000019802885829563e+02
5.000019652124464073e+02
5.000019499291742022e+02
5.000019339709232895e+02
5.000019190551362271e+02
5.000019044829074915e+02
5.000018893244679248e+02
5.000018746655210862e+02
5.000018604934954851e+02
5.000018461059058836e+02
5.000018319336978152e+02
5.000018180509007948e+02
5.000018042220631287e+02
5.000017906573756932e+02
5.000017771546848735e+02
5.000017637010543012e+02
5.000017506801918898e+02
5.000017376904455091e+02
5.000017245785826390e+02
5.000017119514970432e+02
5.000016995082234530e+02
5.000016868175751483e+02
5.000016744849910424e+02
5.000016625070083478e+02
5.000016503144282183e+02
5.000016382817487397e+02
5.000016266557759081e+02
5.000016149588793155e+02
5.000016032902709640e+02
5.000015919544525786e+02
5.000015806823681714e+02
5.000015694232941428e+02
5.000015583850666872e+02
5.000015474601024721e+02
5.000015365996101764e+02
5.000015258948208725e+02
5.000015152799642237e+02
5.000015047694924419e+02
5.000014944140137914e+02
5.000014841135340475e+02
5.000014739088918532e+02
5.000014638831655134e+02
5.000014539113248020e+02
5.000014439970016724e+02
5.000014342647660897e+02
5.000014246179950987e+02
5.000014150003931945e+02
5.000014055351807656e+02
5.000013961887970595e+02
5.000013868740853695e+02
5.000013776696526406e+02
5.000013685935915078e+02
5.000013595730182487e+02
5.000013506344822076e+02
5.000013418093085420e+02
5.000013330613764992e+02
5.000013243902006934e+02
5.000013158103678848e+02
5.000013073128361611e+02
5.000012988996963372e+02
5.000012905653792927e+02
5.000012823045042865e+02
5.000012741330256176e+02
5.000012660406755458e+02
5.000012580111394982e+02
5.000012500661827062e+02
5.000012422055222032e+02
5.000012344042554560e+02
5.000012266766855760e+02
5.000012190343579732e+02
5.000012114550633555e+02
5.000012039403672475e+02
5.000011965051771199e+02
5.000011891376107087e+02
5.000011818315956589e+02
5.000011745965414889e+02
5.000011674295893158e+02
5.000011603254204715e+02
5.000011532860215198e+02
5.000011463107560985e+02
5.000011393994082027e+02
5.000011325507298920e+02
5.000011257611000133e+02
5.000011190336016966e+02
5.000011123689153578e+02
5.000011057601378184e+02
5.000010992093708637e+02
5.000010927208148246e+02
5.000010862875710700e+02
5.000010799081918549e+02
5.000010735884304154e+02
5.000010673242491066e+02
5.000010611115122288e+02
5.000010549545724530e+02
5.000010488525974210e+02
5.000010428012574266e+02
5.000010368022836929e+02
5.000010308562619343e+02
5.000010249604352452e+02
5.000010191147973728e+02
5.000010133194864466e+02
5.000010075732517407e+02
5.000010018759751347e+02
5.000009962267925516e+02
5.000009906248045013e+02
5.000009850706103975e+02
5.000009795630716098e+02
5.000009741006639956e+02
5.000009686844410339e+02
5.000009633138339495e+02
5.000009579867550542e+02
5.000009527038606052e+02
5.000009474654181645e+02
5.000009422694162140e+02
5.000009371156845077e+02
5.000009320048757218e+02
5.000009269356120285e+02
5.000009219070990980e+02
5.000009169197883807e+02
5.000009119729742793e+02
5.000009070657638972e+02
5.000009021981343835e+02
5.000008973697127317e+02
5.000008925798666155e+02
5.000008878282806108e+02
5.000008831144950250e+02
5.000008784381762439e+02
5.000008737990037844e+02
5.000008691963666934e+02
5.000008646299477277e+02
5.000008600996128507e+02
5.000008556047134789e+02
5.000008511448165223e+02
5.000008467198692870e+02
5.000008423293789406e+02
5.000008379727637475e+02
5.000008336499448660e+02
5.000008293605972085e+02
5.000008251041405174e+02
5.000008208803629941e+02
5.000008166890364123e+02
5.000008125296805588e+02
5.000008084019883654e+02
5.000008043057026725e+02
5.000008002404911167e+02
5.000007962059962097e+02
5.000007922019345870e+02
5.000007882280037279e+02
5.000007842839245313e+02
5.000007803693664528e+02
5.000007764840131586e+02
5.000007726276378435e+02
5.000007687999363952e+02
5.000007650005611595e+02
5.000007612293009629e+02
5.000007574858978501e+02
5.000007537700023477e+02
5.000007500813663341e+02
5.000007464197882996e+02
5.000007427849401438e+02
5.000007391765570333e+02
5.000007355944257483e+02
5.000007320382784428e+02
5.000007285078425525e+02
5.000007250028825183e+02
5.000007215231711939e+02
5.000007180684517607e+02
5.000007146384716634e+02
5.000007112330200130e+02
5.000007078518571575e+02
5.000007044947481631e+02
5.000007011614549128e+02
5.000006978517707239e+02
5.000006945654717470e+02
5.000006913023262314e+02
5.000006880621225491e+02
5.000006848446436152e+02
5.000006816496909892e+02
5.000006784770350805e+02
5.000006753264851227e+02
5.000006721978246560e+02
5.000006690908678593e+02
5.000006660053893484e+02
5.000006629412139887e+02
5.000006598981351544e+02
5.000006568759643528e+02
5.000006538744968339e+02
5.000006508935687179e+02
5.000006479329656486e+02
5.000006449925293168e+02
5.000006420720628171e+02
5.000006391713818630e+02
5.000006362903194486e+02
5.000006334286829315e+02
5.000006305863297484e+02
5.000006277630467935e+02
5.000006249586813283e+02
5.000006221730845937e+02
5.000006194060582061e+02
5.000006166574451072e+02
5.000006139270969925e+02
5.000006112148483908e+02
5.000006085205180852e+02
5.000006058439770413e+02
5.000006031850500108e+02
5.000006005435967040e+02
5.000005979194473298e+02
5.000005953124698976e+02
5.000005927225000164e+02
5.000005901493947249e+02
5.000005875930122556e+02
5.000005850532044747e+02
5.000005825298308082e+02
5.000005800227419286e+02
5.000005775318162478e+02
5.000005750568924441e+02
5.000005725978442683e+02
5.000005701545362058e+02
5.000005677268355271e+02
5.000005653146101281e+02
5.000005629177178434e+02
5.000005605360537402e+02
5.000005581694558714e+02
5.000005558178219758e+02
5.000005534810202334e+02
5.000005511589230309e+02
5.000005488514053695e+02
5.000005465583564046e+02
5.000005442796464763e+02
5.000005420151546787e+02
5.000005397647666996e+02
5.000005375283710123e+02
5.000005353058384685e+02
5.000005330970606110e+02
5.000005309019308584e+02
5.000005287203337048e+02
5.000005265521500633e+02
5.000005243972829021e+02
5.000005222556096101e+02
5.000005201270388966e+02
5.000005180114579275e+02
5.000005159087389188e+02
5.000005138188131468e+02
5.000005117415598193e+02
