8.070813909201400804e+01
1.556007233065433013e+02
2.479375313713841820e+02
2.599223860043213676e+02
2.434249892825028780e+02
2.457926249911951402e+02
2.521693848282843646e+02
2.459886559220930167e+02
2.464487677688377687e+02
2.506632222572198430e+02
2.471854236369738373e+02
2.475105894926142298e+02
2.505596575007944864e+02
2.477003503506485913e+02
2.477119048504721945e+02
2.507762926024608134e+02
2.486287245941823869e+02
2.476315064113658480e+02
2.504230331096529767e+02
2.497035633002607256e+02
2.480521446638082921e+02
2.496700320025025519e+02
2.502383439396289475e+02
2.490019780879175926e+02
2.491808741358325960e+02
2.500415151770012585e+02
2.499322962617382018e+02
2.493178331748803771e+02
2.495231264142477414e+02
2.503501702085143279e+02
2.498909043904573934e+02
2.492054960663308805e+02
2.502200886798259774e+02
2.504437895884483964e+02
2.492924481293745771e+02
2.498667415458622827e+02
2.506643210210498580e+02
2.496288895982565634e+02
2.496243727597513384e+02
2.505624098548986467e+02
2.499377776257899768e+02
2.496020880858360727e+02
2.503493203014099606e+02
2.500651991520525428e+02
2.496993143321681146e+02
2.502099290067515653e+02
2.500494590308337592e+02
2.497689091883033257e+02
2.501791810418236253e+02
2.500186067949947528e+02
2.497552622488088900e+02
2.501790233014831699e+02
2.500537006979316175e+02
2.497090721479533499e+02
2.501306226846127458e+02
2.501376709868427213e+02
2.497078814687323245e+02
2.500274116920085135e+02
2.502017229849500382e+02
2.497786168131846978e+02
2.499225220635121900e+02
2.502000378603818547e+02
2.498854235806875579e+02
2.498686938559310704e+02
2.501431577609025965e+02
2.499726007183833758e+02
2.498753672694264196e+02
2.500756926152890003e+02
2.500114252616901354e+02
2.499125733596083023e+02
2.500336594483464125e+02
2.500124186661305430e+02
2.499441523478361660e+02
2.500217937548696909e+02
2.500040850151909240e+02
2.499551661647772107e+02
2.500220988706724654e+02
2.500054680336350259e+02
2.499540639385646159e+02
2.500166362858468858e+02
2.500158442229676155e+02
2.499562623955141021e+02
2.500020064080659949e+02
2.500236551432342651e+02
2.499682847607559779e+02
2.499869436802981113e+02
2.500209709507979881e+02
2.499848036062722656e+02
2.499806747087648660e+02
2.500099956220058175e+02
2.499965850648090964e+02
2.499845367125817859e+02
2.499989497604001087e+02
2.499993080354886956e+02
2.499926357782316018e+02
2.499940858441834450e+02
2.499957986626889124e+02
2.499981936850471413e+02
2.499955322737760071e+02
2.499919072143040921e+02
2.499987402551904836e+02
2.499991314625170844e+02
2.499912840751633780e+02
2.499963948720914573e+02
2.500009645027450915e+02
2.499935180508763608e+02
2.499945734733111635e+02
2.500001752927938696e+02
2.499960055888598163e+02
2.499948536728408897e+02
2.499984565054742802e+02
2.499968573993914163e+02
2.499963900202512264e+02
2.499977213030644236e+02
2.499962133316024619e+02
2.499974729703025673e+02
2.499984128075382728e+02
2.499954612695313187e+02
2.499972647888916129e+02
2.499995850175377541e+02
2.499956865395803334e+02
2.499962562041117451e+02
2.500001037336026286e+02
2.499968556360237528e+02
2.499954887104628654e+02
2.499996340621746356e+02
2.499981596415690319e+02
2.499955629335985634e+02
2.499986842213349121e+02
2.499988761543725957e+02
2.499962973081144071e+02
2.499979657669428263e+02
2.499988989164563691e+02
2.499971055767567236e+02
2.499977934054757895e+02
2.499986206390575774e+02
2.499975676350877904e+02
2.499979850267023380e+02
2.499984685410092595e+02
2.499976834926002596e+02
2.499981783350486637e+02
2.499985701357657604e+02
2.499977154940218611e+02
2.499981784837066243e+02
2.499987683800525815e+02
2.499978799604968174e+02
2.499980527756341644e+02
2.499988572564541016e+02
2.499981825825877593e+02
2.499979821009563636e+02
2.499987766394258415e+02
2.499984808134142042e+02
2.499980688198735095e+02
2.499986236258137922e+02
2.499986483403728244e+02
2.499982700090276921e+02
2.499985307893351489e+02
2.499986759321094212e+02
2.499984697527776234e+02
2.499985519395844733e+02
2.499986475084619713e+02
2.499985884738042898e+02
2.499986447365869253e+02
2.499986497193272044e+02
2.499986303982319953e+02
2.499987335973355300e+02
2.499987077131573301e+02
2.499986511613217317e+02
2.499987777701069547e+02
2.499987892860955867e+02
2.499986966953459273e+02
2.499987895150495376e+02
2.499988518714429517e+02
2.499987707241614316e+02
2.499988046178067123e+02
2.499988812807393685e+02
2.499988468933733543e+02
2.499988444003524819e+02
2.499988943654296634e+02
2.499989009906787203e+02
2.499989022496572773e+02
2.499989155171163873e+02
2.499989308435204407e+02
2.499989573423335969e+02
2.499989544750683592e+02
2.499989519299128347e+02
2.499989956804664928e+02
2.499990028892378575e+02
2.499989800369789918e+02
2.499990191738540375e+02
2.499990464351476191e+02
2.499990189929909263e+02
2.499990392747364751e+02
2.499990778797568964e+02
2.499990616541546160e+02
2.499990651210193562e+02
2.499991004226393159e+02
2.499990991455822780e+02
2.499990973201556699e+02
2.499991217944694881e+02
2.499991284093496802e+02
2.499991304470972295e+02
2.499991467659287707e+02
2.499991526686270333e+02
2.499991594347976331e+02
2.499991744942373657e+02
2.499991767765461077e+02
2.499991835265655595e+02
2.499992012067783946e+02
2.499992028256994274e+02
2.499992054629615268e+02
2.499992243261902445e+02
2.499992294257602055e+02
2.499992281225558486e+02
2.499992442717297081e+02
2.499992540239201162e+02
2.499992521364453637e+02
2.499992632523654947e+02
2.499992754212535715e+02
2.499992760737593187e+02
2.499992829894889894e+02
2.499992944057450472e+02
2.499992982257848837e+02
2.499993035346689396e+02
2.499993125968670711e+02
2.499993180546519227e+02
2.499993237768644576e+02
2.499993309916588942e+02
2.499993362620130313e+02
2.499993426975507020e+02
2.499993494599600865e+02
2.499993538663357526e+02
2.499993601414667523e+02
2.499993672808574843e+02
2.499993713382284284e+02
2.499993766534545045e+02
2.499993839572656213e+02
2.499993884565541862e+02
2.499993928176767213e+02
2.499993995739530703e+02
2.499994047609442305e+02
2.499994087872397301e+02
2.499994145663631571e+02
2.499994200439680583e+02
2.499994243160380734e+02
2.499994292789423582e+02
2.499994344768433905e+02
2.499994391030323584e+02
2.499994437355871639e+02
2.499994483870031559e+02
2.499994530719782801e+02
2.499994577381418992e+02
2.499994619776282718e+02
2.499994663833104198e+02
2.499994711096258584e+02
2.499994752318142446e+02
2.499994792540822175e+02
2.499994838424796342e+02
2.499994880188054083e+02
2.499994917902625389e+02
2.499994960649491134e+02
2.499995002533309503e+02
2.499995039600422047e+02
2.499995079110786378e+02
2.499995119651735251e+02
2.499995156833468570e+02
2.499995194285346258e+02
2.499995232534857337e+02
2.499995269286940811e+02
2.499995305848176201e+02
2.499995342000428309e+02
2.499995377382728634e+02
2.499995413346208863e+02
2.499995448240147198e+02
2.499995481848518750e+02
2.499995516746817827e+02
2.499995551007583856e+02
2.499995583172893703e+02
2.499995616464324257e+02
2.499995650089424828e+02
2.499995681418556046e+02
2.499995713012867498e+02
2.499995745592091794e+02
2.499995776428743284e+02
2.499995806683055264e+02
2.499995837875419795e+02
2.499995868135691524e+02
2.499995897493339214e+02
2.499995927299772802e+02
2.499995956694116899e+02
2.499995985366111313e+02
2.499996014047773656e+02
2.499996042390083915e+02
2.499996070317388615e+02
2.499996098138479113e+02
2.499996125470758557e+02
2.499996152505564737e+02
2.499996179560251335e+02
2.499996206055932078e+02
2.499996232146918942e+02
2.499996258378939160e+02
2.499996284174738435e+02
2.499996309408793707e+02
2.499996334744073181e+02
2.499996359857886432e+02
2.499996384372914804e+02
2.499996408821350826e+02
2.499996433193907137e+02
2.499996457075564251e+02
2.499996480730508495e+02
2.499996504316582104e+02
2.499996527567147382e+02
2.499996550535586266e+02
2.499996573356354475e+02
2.499996595938392829e+02
2.499996618279927816e+02
2.499996640405894084e+02
2.499996662302347090e+02
2.499996684022587203e+02
2.499996705523255969e+02
2.499996726761534660e+02
2.499996747848075813e+02
2.499996768758329040e+02
2.499996789390814342e+02
2.499996809849812394e+02
2.499996830173764124e+02
2.499996850244856148e+02
2.499996870109242479e+02
2.499996889846578085e+02
2.499996909376457381e+02
2.499996928688820788e+02
2.499996947854865539e+02
2.499996966847459134e+02
2.499996985639931211e+02
2.499997004265691771e+02
2.499997022726712714e+02
2.499997041014607646e+02
2.499997059133551147e+02
2.499997077080526822e+02
2.499997094871030185e+02
2.499997112506864596e+02
2.499997129966103842e+02
2.499997147269667437e+02
2.499997164435545471e+02
2.499997181432319167e+02
2.499997198267324165e+02
2.499997214972637209e+02
2.499997231524928623e+02
2.499997247913905483e+02
2.499997264171339282e+02
2.499997280290621120e+02
2.499997296253834520e+02
2.499997312080967902e+02
2.499997327777518024e+02
2.499997343329772548e+02
2.499997358745728491e+02
2.499997374032484174e+02
2.499997389184901806e+02
2.499997404206291094e+02
2.499997419098876605e+02
2.499997433862455125e+02
2.499997448502164445e+02
2.499997463016526353e+02
2.499997477403908590e+02
2.499997491672855574e+02
2.499997505822678647e+02
2.499997519847940737e+02
2.499997533757259589e+02
2.499997547553703896e+02
2.499997561230428289e+02
2.499997574792311070e+02
2.499997588245701650e+02
2.499997601585560290e+02
2.499997614812686209e+02
2.499997627933644537e+02
2.499997640946787101e+02
2.499997653850971631e+02
2.499997666650675967e+02
2.499997679346746509e+02
2.499997691938519324e+02
2.499997704428226655e+02
2.499997716817013611e+02
2.499997729105849373e+02
2.499997741295919980e+02
2.499997753387648345e+02
2.499997765382548494e+02
2.499997777282465563e+02
2.499997789087001365e+02
2.499997800797270031e+02
2.499997812415738565e+02
2.499997823942306070e+02
2.499997835377091349e+02
2.499997846722716019e+02
2.499997857979732032e+02
2.499997869147984204e+02
2.499997880229229850e+02
2.499997891224875275e+02
2.499997902134779793e+02
2.499997912960041901e+02
2.499997923702123330e+02
2.499997934361441310e+02
2.499997944938777152e+02
2.499997955435115387e+02
2.499997965851314063e+02
2.499997976188173539e+02
2.499997986446378206e+02
2.499997996626724728e+02
2.499998006730224631e+02
2.499998016757520531e+02
2.499998026709146757e+02
2.499998036586237902e+02
2.499998046389423507e+02
2.499998056119248417e+02
2.499998065776529472e+02
2.499998075362271379e+02
2.499998084876838504e+02
2.499998094320868915e+02
2.499998103695449174e+02
2.499998113000990827e+02
2.499998122238147289e+02
2.499998131407676283e+02
2.499998140510291762e+02
2.499998149546480590e+02
2.499998158517028060e+02
2.499998167422458266e+02
2.499998176263515006e+02
2.499998185040716407e+02
2.499998193754736633e+02
2.499998202406130190e+02
2.499998210995594263e+02
2.499998219523611453e+02
2.499998227990783732e+02
2.499998236397727283e+02
2.499998244745072782e+02
2.499998253033160438e+02
2.499998261262767301e+02
2.499998269434402687e+02
2.499998277548531291e+02
2.499998285605739170e+02
2.499998293606552409e+02
2.499998301551537168e+02
2.499998309441078845e+02
2.499998317275902764e+02
2.499998325056334068e+02
2.499998332782955686e+02
2.499998340456216681e+02
2.499998348076678951e+02
2.499998355644717378e+02
2.499998363160919155e+02
2.499998370625725954e+02
2.499998378039556428e+02
2.499998385402925294e+02
2.499998392716266551e+02
2.499998399980063084e+02
2.499998407194700292e+02
2.499998414360691470e+02
2.499998421478418322e+02
2.499998428548351512e+02
2.499998435570903439e+02
2.499998442546457795e+02
2.499998449475507414e+02
2.499998456358413819e+02
2.499998463195573208e+02
2.499998469987448289e+02
2.499998476734391488e+02
2.499998483436822880e+02
2.499998490095117631e+02
2.499998496709670519e+02
2.499998503280829141e+02
2.499998509809046823e+02
2.499998516294653541e+02
2.499998522737948861e+02
2.499998529139429309e+02
2.499998535499359491e+02
2.499998541818174544e+02
2.499998548096193645e+02
2.499998554333697314e+02
2.499998560531171563e+02
2.499998566688813355e+02
2.499998572807103585e+02
2.499998578886272469e+02
2.499998584926677552e+02
2.499998590928689168e+02
2.499998596892621094e+02
2.499998602818712641e+02
2.499998608707368817e+02
2.499998614558860481e+02
2.499998620373561096e+02
2.499998626151716508e+02
2.499998631893628840e+02
2.499998637599690312e+02
2.499998643270081402e+02
2.499998648905139476e+02
2.499998654505213267e+02
2.499998660070503433e+02
2.499998665601376047e+02
2.499998671098040290e+02
2.499998676560834383e+02
2.499998681990035720e+02
2.499998687385906067e+02
2.499998692748692122e+02
