#     walltime (sec)
              0.9167
              0.7013
              0.7117
              0.7350
              0.7591
              0.7053
              0.7139
              0.7415
              0.6987
              0.6965
              1.0275
              0.9016
              0.7174
              0.7408
              0.7783
              0.7107
              0.7612
              0.7120
              0.7967
              0.9738
              0.8008
              0.7046
              0.7666
              1.0064
              0.7094
              0.7919
              0.6889
              0.7158
              0.8173
              0.7148
              0.7803
              0.7400
              0.7129
              0.7495
              0.7222
              0.7635
              0.7554
              0.7273
              0.7937
              0.7400
              0.7251
              0.7474
              0.7203
              0.7286
              0.7085
              0.6933
              0.7269
              1.1004
              0.6948
              0.7441
              0.7711
              1.1742
              0.7319
              0.7448
              0.7503
              0.7369
              0.7381
              0.7625
              0.6903
              0.8267
              0.7216
              0.6933
              0.7063
              0.7133
              0.6866
              0.7399
              0.7623
              0.9495
              0.7226
              0.7181
              0.7371
              0.6757
              0.8512
              0.7964
              0.7226
              0.8398
              0.7123
              0.6977
              0.7725
              0.7579
              0.7332
              0.7447
              0.7706
              0.7288
              0.7612
              0.8588
              0.7885
              0.7935
              0.8680
              0.7535
              0.7115
              0.7380
              0.7433
              1.1964
              0.9488
              0.6987
              0.8088
              0.7793
              0.7259
              0.8134
              0.7018
              0.7210
              0.7847
              0.7347
              0.7160
              0.7920
              0.8269
              0.6892
              0.9604
              0.7881
              0.6985
              0.7405
              0.7471
              0.8712
              0.7066
              0.8320
              0.7298
              0.7498
              0.7755
              0.7556
              0.7172
              0.7334
              0.7441
              0.7339
              0.7298
              0.7195
              0.7772
              0.7519
              0.7943
              0.8702
              0.7421
              0.7223
              0.7622
              0.7252
              0.7042
              0.7480
              0.7460
              0.7139
              0.8374
              0.7207
              0.7264
              0.7146
              0.7550
              0.7674
              0.7105
              0.7707
              0.6806
              0.8134
              0.7726
              0.7936
              0.7466
              0.7717
              0.7395
              0.7104
              0.6917
              0.7223
              0.7711
              0.7594
              0.7076
              0.6860
              0.9982
              0.8761
              0.6755
              0.6944
              0.7958
              0.6947
              0.8037
              0.7426
              0.6782
              0.7931
              0.6948
              0.7210
              0.7645
              0.7161
              0.7502
              0.6751
              0.7360
              0.7155
              0.8569
              0.7435
              0.7724
              0.7373
              0.7184
              0.7980
              0.6914
              0.7479
              1.0497
              0.7467
              0.7027
              0.7408
              0.6793
              0.8178
              0.7361
              0.7398
              0.6819
              0.6971
              0.6947
              0.7178
              0.6955
              0.6910
              0.7104
              0.6706
              0.7066
              0.6661
              0.7035
              1.1098
              0.7369
              0.7207
              0.6876
              0.6813
              0.7022
              0.7062
              0.9211
              0.7008
              0.6846
              0.7055
              0.7046
              0.7024
              0.7159
              0.6833
              0.7064
              0.7098
              0.6926
              0.6906
              1.0218
              0.7120
              0.7086
              0.6945
              0.6872
              0.7106
              0.6823
              0.7276
              0.7401
              0.7093
              0.6902
              0.6750
              0.7719
              0.6628
              0.7028
              0.6903
              0.7038
              0.7151
              0.6993
              0.7916
              0.6785
              0.8055
              0.6941
              0.7220
              0.7360
              0.6725
              0.7164
              0.6578
              0.6869
              0.7006
              0.9066
              0.7266
              0.6763
              0.7879
              0.6875
              0.7238
              0.6881
              0.7493
              0.7640
              0.7717
              0.6613
              0.6966
              0.6679
              0.6899
              0.7145
              0.6777
              0.6640
              0.7701
              0.7212
              0.6831
              0.7399
              0.6729
              0.6758
              0.7353
              0.6901
              0.7035
              0.6754
              1.0289
              0.7173
              0.7079
              0.7446
              0.7135
              0.7324
              0.7038
              0.7002
              0.7084
              0.6951
              0.7021
              0.7338
              0.6769
              0.7482
              0.6630
              0.8045
              0.6677
              0.6836
              0.6897
              0.7496
              0.7179
              0.7562
              0.6711
              0.7636
              0.6550
              0.6448
              0.6593
              0.6617
              0.7547
              0.6936
              0.7146
              0.6950
              0.9510
              0.7192
              0.7199
              0.7534
              0.6896
              0.7033
              0.6923
              0.7085
              0.7204
              0.7304
              0.6786
              0.7182
              0.6686
              0.6715
              0.7184
              0.6996
              0.9928
              0.6890
              0.8344
              0.7089
              0.6877
              0.6905
              0.6680
              0.6707
              0.7076
              0.7049
              0.6472
              0.7161
              0.7372
              0.6996
              0.6998
              0.6972
              0.6488
              0.6708
              0.6763
              0.6799
              0.6797
              0.7017
              0.6550
              0.7044
              0.6580
              0.7104
              0.6686
              0.6610
              0.6812
              0.6494
              0.7506
              0.8746
              0.6623
              0.6573
              0.7056
              0.6789
              0.7211
              0.6626
              0.7380
              0.8112
              0.7152
              0.6690
              0.7349
              0.6626
              0.6518
              0.7312
              0.6799
              0.6924
              0.6486
              0.6692
              0.6619
              0.6905
              0.7490
              0.6548
              0.6703
              0.6783
              0.7382
              0.7039
              0.6995
              0.7000
              0.6673
              0.7581
              0.7112
              0.7165
              0.6403
              0.6481
              0.6442
              0.8194
              0.6637
              0.6315
              0.7187
              0.6762
              0.7021
              0.6848
              0.7095
              0.6605
              0.7012
              0.6703
              0.6573
              0.7467
              0.6693
              0.6484
              0.7193
              0.7031
              0.6871
              0.6621
              0.6523
              0.6563
              0.7162
              0.6607
              0.7590
              0.6697
              0.6768
              0.6942
              0.6927
              0.7142
              0.7224
              0.6782
              0.6710
              0.6827
              0.6998
              0.6771
              0.6550
              0.6960
              0.6598
              0.8973
              0.6638
              0.6673
              0.6987
              0.6908
              0.6882
              0.6792
              0.6879
              0.6601
              0.6821
              0.6596
              0.6644
              0.6848
              0.6595
              0.7450
              0.6653
              0.6914
              0.6820
              0.6576
              0.6737
              0.6665
              0.6756
              0.7258
              0.6776
              0.7302
              0.6547
              0.6669
              0.6722
              0.6675
              0.6438
              0.6461
              0.7480
              0.6389
              0.6692
              0.6396
              0.9225
              0.6749
              0.6556
              0.8978
              0.6811
              0.6755
              0.7218
              0.6372
              0.6785
              0.6732
              0.6435
              0.6706
              0.7173
              0.6637
              0.6554
              0.7130
              0.6894
              0.7135
              0.9007
              1.0677
              0.7049
              0.6357
              0.6569
              0.6478
              0.7090
              0.7595
              0.6787
              0.6614
              0.6552
              0.6506
              0.6382
